                   * /home/pramod/esim-workspace/s21/s21.cir
                   Transient Analysis  Thu Aug 20 10:50:43  2020
--------------------------------------------------------------------------------
Index   time            l1#branch       v.x1.v1#branch  v.x2.v1#branch  
--------------------------------------------------------------------------------
0	0.000000e+00	8.481228e-05	-2.48431e-11	-2.48431e-11	
1	5.000000e-14	8.481228e-05	1.731620e-04	2.160159e-04	
2	1.000000e-13	8.481228e-05	2.011238e-04	2.457920e-04	
3	2.000000e-13	8.481228e-05	2.277171e-04	2.687750e-04	
4	4.000000e-13	8.481228e-05	2.741642e-04	2.996737e-04	
5	8.000000e-13	8.481229e-05	3.629152e-04	3.667657e-04	
6	1.600000e-12	8.481232e-05	5.253076e-04	4.699081e-04	
7	3.200000e-12	8.481244e-05	1.455702e-03	8.099028e-04	
8	5.000000e-12	8.481264e-05	7.067287e-04	9.227773e-04	
9	5.320000e-12	8.481268e-05	3.326960e-04	3.472150e-04	
10	5.960000e-12	8.481275e-05	2.493260e-04	2.584934e-04	
11	7.240000e-12	8.481290e-05	1.420454e-04	1.567429e-04	
12	9.800000e-12	8.481315e-05	-6.09418e-05	-4.31831e-05	
13	1.492000e-11	8.481358e-05	-1.11392e-04	-1.28185e-04	
14	2.502417e-11	8.481430e-05	-1.66914e-04	-1.53913e-04	
15	3.911374e-11	8.481518e-05	-1.47936e-04	-1.62529e-04	
16	5.911374e-11	8.481647e-05	-1.81025e-04	-1.67150e-04	
17	7.911374e-11	8.481827e-05	-1.57657e-04	-1.70548e-04	
18	9.911374e-11	8.482133e-05	-1.87761e-04	-1.72883e-04	
19	1.191137e-10	8.482576e-05	-1.61342e-04	-1.74810e-04	
20	1.391137e-10	8.483086e-05	-1.89070e-04	-1.75441e-04	
21	1.591137e-10	8.483613e-05	-1.61623e-04	-1.76047e-04	
22	1.791137e-10	8.484150e-05	-1.89185e-04	-1.75918e-04	
23	1.991137e-10	8.484691e-05	-1.61835e-04	-1.76199e-04	
24	2.191137e-10	8.485236e-05	-1.89492e-04	-1.75986e-04	
25	2.391137e-10	8.485783e-05	-1.62104e-04	-1.76240e-04	
26	2.591137e-10	8.486331e-05	-1.89718e-04	-1.76010e-04	
27	2.791137e-10	8.486880e-05	-1.62242e-04	-1.76261e-04	
28	2.991137e-10	8.487431e-05	-1.89837e-04	-1.76021e-04	
29	3.191137e-10	8.487981e-05	-1.62303e-04	-1.76272e-04	
30	3.391137e-10	8.488532e-05	-1.89901e-04	-1.76025e-04	
31	3.591137e-10	8.489084e-05	-1.62326e-04	-1.76280e-04	
32	3.791137e-10	8.489635e-05	-1.89938e-04	-1.76026e-04	
33	3.991137e-10	8.490187e-05	-1.62330e-04	-1.76284e-04	
34	4.191137e-10	8.490739e-05	-1.89963e-04	-1.76025e-04	
35	4.391137e-10	8.491291e-05	-1.62326e-04	-1.76288e-04	
36	4.591137e-10	8.491843e-05	-1.89981e-04	-1.76023e-04	
37	4.791137e-10	8.492395e-05	-1.62318e-04	-1.76291e-04	
38	4.991137e-10	8.492946e-05	-1.89997e-04	-1.76021e-04	
39	5.191137e-10	8.493498e-05	-1.62307e-04	-1.76294e-04	
40	5.391137e-10	8.494050e-05	-1.90011e-04	-1.76019e-04	
41	5.591137e-10	8.494602e-05	-1.62295e-04	-1.76297e-04	
42	5.791137e-10	8.495154e-05	-1.90024e-04	-1.76017e-04	
43	5.991137e-10	8.495706e-05	-1.62283e-04	-1.76299e-04	
44	6.191137e-10	8.496258e-05	-1.90037e-04	-1.76014e-04	
45	6.391137e-10	8.496810e-05	-1.62271e-04	-1.76302e-04	
46	6.591137e-10	8.497362e-05	-1.90049e-04	-1.76012e-04	
47	6.791137e-10	8.497914e-05	-1.62259e-04	-1.76304e-04	
48	6.991137e-10	8.498466e-05	-1.90062e-04	-1.76009e-04	
49	7.191137e-10	8.499018e-05	-1.62247e-04	-1.76306e-04	
50	7.391137e-10	8.499570e-05	-1.90074e-04	-1.76007e-04	
51	7.591137e-10	8.500122e-05	-1.62234e-04	-1.76309e-04	
52	7.791137e-10	8.500674e-05	-1.90087e-04	-1.76005e-04	
53	7.991137e-10	8.501226e-05	-1.62222e-04	-1.76311e-04	
54	8.191137e-10	8.501778e-05	-1.90099e-04	-1.76002e-04	

Index   time            l1#branch       v.x1.v1#branch  v.x2.v1#branch  
--------------------------------------------------------------------------------
55	8.391137e-10	8.502330e-05	-1.62210e-04	-1.76314e-04	
56	8.591137e-10	8.502882e-05	-1.90111e-04	-1.76000e-04	
57	8.791137e-10	8.503434e-05	-1.62197e-04	-1.76316e-04	
58	8.991137e-10	8.503986e-05	-1.90123e-04	-1.75997e-04	
59	9.191137e-10	8.504538e-05	-1.62185e-04	-1.76319e-04	
60	9.391137e-10	8.505090e-05	-1.90136e-04	-1.75995e-04	
61	9.591137e-10	8.505642e-05	-1.62173e-04	-1.76321e-04	
62	9.791137e-10	8.506194e-05	-1.90148e-04	-1.75992e-04	
63	9.991137e-10	8.506746e-05	-1.62161e-04	-1.76323e-04	
64	1.005000e-09	8.506908e-05	-1.90174e-04	-1.75987e-04	
65	1.005500e-09	8.506922e-05	-5.94299e-04	-5.93559e-04	
66	1.006500e-09	8.506949e-05	-7.06722e-04	-7.05104e-04	
67	1.008500e-09	8.507001e-05	-9.18893e-04	-9.15858e-04	
68	1.010000e-09	8.507038e-05	-1.09513e-03	-1.08965e-03	
69	1.010400e-09	8.507048e-05	-7.21779e-04	-7.16931e-04	
70	1.011200e-09	8.507068e-05	-7.06664e-04	-7.02105e-04	
71	1.012800e-09	8.507107e-05	-7.07704e-04	-7.03847e-04	
72	1.016000e-09	8.507189e-05	-6.36981e-04	-6.53255e-04	
73	1.022400e-09	8.507362e-05	-2.86311e-04	-4.14857e-04	
74	1.034977e-09	8.507712e-05	-3.27659e-05	-4.13680e-05	
75	1.049458e-09	8.508100e-05	-5.20567e-05	-2.96763e-05	
76	1.066724e-09	8.508531e-05	-3.08113e-05	-2.98050e-06	
77	1.086724e-09	8.508999e-05	-3.58189e-05	-2.04258e-05	
78	1.106724e-09	8.509440e-05	-1.83986e-05	2.010580e-06	
79	1.126724e-09	8.509855e-05	-2.18132e-05	-1.78787e-05	
80	1.146724e-09	8.510248e-05	-8.65517e-06	4.758834e-06	
81	1.166724e-09	8.510623e-05	-1.40407e-05	-1.55989e-05	
82	1.186724e-09	8.510983e-05	-3.29663e-06	6.865929e-06	
83	1.206724e-09	8.511330e-05	-9.85138e-06	-1.39570e-05	
84	1.226724e-09	8.511665e-05	-3.11922e-07	8.326503e-06	
85	1.246724e-09	8.511992e-05	-7.50151e-06	-1.28915e-05	
86	1.266724e-09	8.512311e-05	1.381083e-06	9.296973e-06	
87	1.286724e-09	8.512625e-05	-6.13068e-06	-1.22318e-05	
88	1.306724e-09	8.512933e-05	2.362023e-06	9.938108e-06	
89	1.326724e-09	8.513236e-05	-5.30113e-06	-1.18359e-05	
90	1.346724e-09	8.513537e-05	2.938581e-06	1.036851e-05	
91	1.366724e-09	8.513834e-05	-4.78220e-06	-1.16068e-05	
92	1.386724e-09	8.514129e-05	3.278720e-06	1.066599e-05	
93	1.406724e-09	8.514422e-05	-4.44693e-06	-1.14826e-05	
94	1.426724e-09	8.514714e-05	3.477352e-06	1.087957e-05	
95	1.446724e-09	8.515004e-05	-4.22274e-06	-1.14246e-05	
96	1.466724e-09	8.515293e-05	3.589671e-06	1.103980e-05	
97	1.486724e-09	8.515581e-05	-4.06701e-06	-1.14088e-05	
98	1.506724e-09	8.515869e-05	3.648492e-06	1.116578e-05	
99	1.526724e-09	8.516156e-05	-3.95414e-06	-1.14199e-05	
100	1.546724e-09	8.516443e-05	3.673772e-06	1.126950e-05	
101	1.566724e-09	8.516729e-05	-3.86849e-06	-1.14486e-05	
102	1.586724e-09	8.517014e-05	3.677551e-06	1.135879e-05	
103	1.606724e-09	8.517300e-05	-3.80028e-06	-1.14884e-05	
104	1.626724e-09	8.517585e-05	3.667713e-06	1.143850e-05	
105	1.646724e-09	8.517871e-05	-3.74341e-06	-1.15356e-05	
106	1.666724e-09	8.518156e-05	3.652372e-06	1.151184e-05	
107	1.686724e-09	8.518440e-05	-3.69631e-06	-1.15874e-05	
108	1.706724e-09	8.518725e-05	3.629048e-06	1.158099e-05	
109	1.726724e-09	8.519010e-05	-3.65359e-06	-1.16423e-05	
110	1.746724e-09	8.519295e-05	3.603316e-06	1.164785e-05	
111	1.766724e-09	8.519579e-05	-3.61544e-06	-1.16997e-05	
112	1.786724e-09	8.519864e-05	3.576684e-06	1.171209e-05	

Index   time            l1#branch       v.x1.v1#branch  v.x2.v1#branch  
--------------------------------------------------------------------------------
113	1.806724e-09	8.520148e-05	-3.58072e-06	-1.17577e-05	
114	1.826724e-09	8.520433e-05	3.549636e-06	1.177483e-05	
115	1.846724e-09	8.520717e-05	-3.54838e-06	-1.18163e-05	
116	1.866724e-09	8.521002e-05	3.522409e-06	1.183661e-05	
117	1.886724e-09	8.521286e-05	-3.51769e-06	-1.18753e-05	
118	1.906724e-09	8.521570e-05	3.495119e-06	1.189774e-05	
119	1.926724e-09	8.521855e-05	-3.48814e-06	-1.19346e-05	
120	1.946724e-09	8.522139e-05	3.467830e-06	1.195843e-05	
121	1.966724e-09	8.522423e-05	-3.45938e-06	-1.19941e-05	
122	1.986724e-09	8.522707e-05	3.440579e-06	1.201883e-05	
123	2.000000e-09	8.522896e-05	-3.42327e-06	-1.20688e-05	
124	2.000500e-09	8.522903e-05	3.038559e-04	3.212984e-04	
125	2.001500e-09	8.522918e-05	4.677897e-04	4.447001e-04	
126	2.003500e-09	8.522950e-05	1.231104e-03	7.318915e-04	
127	2.005000e-09	8.522975e-05	7.461017e-04	8.760025e-04	
128	2.005400e-09	8.522982e-05	3.320786e-04	3.267953e-04	
129	2.006200e-09	8.522995e-05	2.266221e-04	2.384480e-04	
130	2.007800e-09	8.523016e-05	6.576007e-05	9.729479e-05	
131	2.010000e-09	8.523037e-05	-1.62949e-04	-1.20682e-04	
132	2.010320e-09	8.523040e-05	-8.85241e-05	-6.98154e-05	
133	2.010960e-09	8.523046e-05	-9.89135e-05	-8.00515e-05	
134	2.012240e-09	8.523059e-05	-1.10334e-04	-9.12178e-05	
135	2.014800e-09	8.523090e-05	-1.27950e-04	-1.10093e-04	
136	2.019920e-09	8.523157e-05	-1.37463e-04	-1.30601e-04	
137	2.030160e-09	8.523280e-05	-1.51116e-04	-1.50231e-04	
138	2.045398e-09	8.523423e-05	-1.60991e-04	-1.57944e-04	
139	2.062397e-09	8.523540e-05	-1.69280e-04	-1.65002e-04	
140	2.082397e-09	8.523647e-05	-1.72538e-04	-1.67572e-04	
141	2.102397e-09	8.523743e-05	-1.76140e-04	-1.72556e-04	
142	2.122397e-09	8.523841e-05	-1.75187e-04	-1.73345e-04	
143	2.142397e-09	8.523946e-05	-1.76689e-04	-1.76316e-04	
144	2.162397e-09	8.524058e-05	-1.75313e-04	-1.75166e-04	
145	2.182397e-09	8.524176e-05	-1.76752e-04	-1.76915e-04	
146	2.202397e-09	8.524300e-05	-1.75380e-04	-1.75329e-04	
147	2.222397e-09	8.524429e-05	-1.76787e-04	-1.76953e-04	
148	2.242397e-09	8.524562e-05	-1.75419e-04	-1.75346e-04	
149	2.262397e-09	8.524698e-05	-1.76801e-04	-1.76954e-04	
150	2.282397e-09	8.524837e-05	-1.75446e-04	-1.75353e-04	
151	2.302397e-09	8.524978e-05	-1.76807e-04	-1.76951e-04	
152	2.322397e-09	8.525120e-05	-1.75466e-04	-1.75359e-04	
153	2.342397e-09	8.525264e-05	-1.76807e-04	-1.76948e-04	
154	2.362397e-09	8.525409e-05	-1.75482e-04	-1.75364e-04	
155	2.382397e-09	8.525555e-05	-1.76804e-04	-1.76945e-04	
156	2.402397e-09	8.525701e-05	-1.75495e-04	-1.75369e-04	
157	2.422397e-09	8.525849e-05	-1.76799e-04	-1.76941e-04	
158	2.442397e-09	8.525996e-05	-1.75507e-04	-1.75374e-04	
159	2.462397e-09	8.526144e-05	-1.76793e-04	-1.76937e-04	
160	2.482397e-09	8.526293e-05	-1.75517e-04	-1.75378e-04	
161	2.502397e-09	8.526441e-05	-1.76786e-04	-1.76933e-04	
162	2.522397e-09	8.526590e-05	-1.75527e-04	-1.75383e-04	
163	2.542397e-09	8.526739e-05	-1.76778e-04	-1.76929e-04	
164	2.562397e-09	8.526889e-05	-1.75537e-04	-1.75387e-04	
165	2.582397e-09	8.527038e-05	-1.76770e-04	-1.76925e-04	
166	2.602397e-09	8.527187e-05	-1.75546e-04	-1.75391e-04	
167	2.622397e-09	8.527337e-05	-1.76762e-04	-1.76921e-04	
168	2.642397e-09	8.527487e-05	-1.75555e-04	-1.75396e-04	
169	2.662397e-09	8.527636e-05	-1.76754e-04	-1.76917e-04	
170	2.682397e-09	8.527786e-05	-1.75564e-04	-1.75400e-04	

Index   time            l1#branch       v.x1.v1#branch  v.x2.v1#branch  
--------------------------------------------------------------------------------
171	2.702397e-09	8.527936e-05	-1.76746e-04	-1.76913e-04	
172	2.722397e-09	8.528085e-05	-1.75572e-04	-1.75404e-04	
173	2.742397e-09	8.528235e-05	-1.76737e-04	-1.76909e-04	
174	2.762397e-09	8.528385e-05	-1.75581e-04	-1.75408e-04	
175	2.782397e-09	8.528534e-05	-1.76729e-04	-1.76904e-04	
176	2.802397e-09	8.528684e-05	-1.75590e-04	-1.75412e-04	
177	2.822397e-09	8.528834e-05	-1.76721e-04	-1.76900e-04	
178	2.842397e-09	8.528984e-05	-1.75598e-04	-1.75416e-04	
179	2.862397e-09	8.529134e-05	-1.76712e-04	-1.76896e-04	
180	2.882397e-09	8.529283e-05	-1.75607e-04	-1.75420e-04	
181	2.902397e-09	8.529433e-05	-1.76704e-04	-1.76892e-04	
182	2.922397e-09	8.529583e-05	-1.75615e-04	-1.75425e-04	
183	2.942397e-09	8.529733e-05	-1.76695e-04	-1.76888e-04	
184	2.962397e-09	8.529882e-05	-1.75623e-04	-1.75429e-04	
185	2.982397e-09	8.530032e-05	-1.76687e-04	-1.76884e-04	
186	3.002397e-09	8.530182e-05	-1.75632e-04	-1.75433e-04	
187	3.005000e-09	8.530202e-05	-1.76651e-04	-1.76866e-04	
188	3.005500e-09	8.530205e-05	-5.94436e-04	-5.93603e-04	
189	3.006500e-09	8.530212e-05	-7.06454e-04	-7.05195e-04	
190	3.008500e-09	8.530223e-05	-9.17866e-04	-9.16079e-04	
191	3.010000e-09	8.530228e-05	-1.09198e-03	-1.09008e-03	
192	3.010400e-09	8.530229e-05	-7.18031e-04	-7.17436e-04	
193	3.011200e-09	8.530231e-05	-7.01257e-04	-7.02586e-04	
194	3.012800e-09	8.530235e-05	-6.96252e-04	-7.04289e-04	
195	3.016000e-09	8.530247e-05	-5.80176e-04	-6.51227e-04	
196	3.022400e-09	8.530281e-05	-2.43984e-04	-3.92831e-04	
197	3.031325e-09	8.530342e-05	-7.67439e-05	-1.00171e-04	
198	3.044505e-09	8.530435e-05	-3.42887e-05	-2.26047e-05	
199	3.061108e-09	8.530541e-05	-2.37867e-05	-7.60735e-06	
200	3.081108e-09	8.530650e-05	-1.79322e-05	-1.93803e-05	
201	3.101108e-09	8.530739e-05	-1.46089e-05	2.881888e-07	
202	3.121108e-09	8.530811e-05	-1.20350e-05	-1.49440e-05	
203	3.141108e-09	8.530866e-05	-9.72747e-06	4.365397e-06	
204	3.161108e-09	8.530909e-05	-7.44579e-06	-1.23340e-05	
205	3.181108e-09	8.530942e-05	-5.96557e-06	6.344547e-06	
206	3.201108e-09	8.530968e-05	-4.36273e-06	-1.09522e-05	
207	3.221108e-09	8.530987e-05	-3.67539e-06	7.446928e-06	
208	3.241108e-09	8.531002e-05	-2.48293e-06	-1.01775e-05	
209	3.261108e-09	8.531013e-05	-2.33886e-06	8.102053e-06	
210	3.281108e-09	8.531022e-05	-1.32780e-06	-9.73686e-06	
211	3.301108e-09	8.531028e-05	-1.57458e-06	8.504567e-06	
212	3.321108e-09	8.531033e-05	-6.02583e-07	-9.48947e-06	
213	3.341108e-09	8.531036e-05	-1.15208e-06	8.759243e-06	
214	3.361108e-09	8.531039e-05	-1.34953e-07	-9.35602e-06	
215	3.381108e-09	8.531040e-05	-9.33652e-07	8.925883e-06	
216	3.401108e-09	8.531041e-05	1.795533e-07	-9.29059e-06	
217	3.421108e-09	8.531042e-05	-8.36957e-07	9.039974e-06	
218	3.441108e-09	8.531042e-05	4.022279e-07	-9.26570e-06	
219	3.461108e-09	8.531042e-05	-8.13612e-07	9.122651e-06	
220	3.481108e-09	8.531042e-05	5.697354e-07	-9.26506e-06	
221	3.501108e-09	8.531042e-05	-8.33500e-07	9.186912e-06	
222	3.521108e-09	8.531041e-05	7.043738e-07	-9.27849e-06	
223	3.541108e-09	8.531040e-05	-8.79099e-07	9.238864e-06	
224	3.561108e-09	8.531040e-05	8.186560e-07	-9.30104e-06	
225	3.581108e-09	8.531039e-05	-9.40343e-07	9.284303e-06	
226	3.601108e-09	8.531038e-05	9.208942e-07	-9.32863e-06	
227	3.621108e-09	8.531037e-05	-1.01069e-06	9.326116e-06	
228	3.641108e-09	8.531036e-05	1.015739e-06	-9.35964e-06	

Index   time            l1#branch       v.x1.v1#branch  v.x2.v1#branch  
--------------------------------------------------------------------------------
229	3.661108e-09	8.531035e-05	-1.08633e-06	9.364917e-06	
230	3.681108e-09	8.531034e-05	1.106018e-06	-9.39182e-06	
231	3.701108e-09	8.531034e-05	-1.16502e-06	9.402030e-06	
232	3.721108e-09	8.531033e-05	1.193416e-06	-9.42499e-06	
233	3.741108e-09	8.531032e-05	-1.24538e-06	9.438171e-06	
234	3.761108e-09	8.531031e-05	1.278946e-06	-9.45877e-06	
235	3.781108e-09	8.531030e-05	-1.32650e-06	9.473781e-06	
236	3.801108e-09	8.531029e-05	1.363110e-06	-9.49300e-06	
237	3.821108e-09	8.531028e-05	-1.40817e-06	9.509114e-06	
238	3.841108e-09	8.531027e-05	1.446544e-06	-9.52749e-06	
239	3.861108e-09	8.531026e-05	-1.48996e-06	9.544248e-06	
240	3.881108e-09	8.531025e-05	1.529333e-06	-9.56209e-06	
241	3.901108e-09	8.531024e-05	-1.57171e-06	9.579209e-06	
242	3.921108e-09	8.531023e-05	1.611608e-06	-9.59671e-06	
243	3.941108e-09	8.531022e-05	-1.65330e-06	9.614021e-06	
244	3.961108e-09	8.531021e-05	1.693446e-06	-9.63129e-06	
245	3.981108e-09	8.531020e-05	-1.73465e-06	9.648695e-06	
246	4.000000e-09	8.531019e-05	1.777266e-06	-9.66680e-06	
247	4.000500e-09	8.531020e-05	2.960874e-04	3.154294e-04	
248	4.001500e-09	8.531023e-05	4.813152e-04	4.532706e-04	
249	4.003500e-09	8.531038e-05	1.459045e-03	8.637109e-04	
250	4.005000e-09	8.531055e-05	7.039257e-04	8.773967e-04	
251	4.005400e-09	8.531060e-05	3.191507e-04	3.250362e-04	
252	4.006200e-09	8.531069e-05	2.279575e-04	2.375953e-04	
253	4.007800e-09	8.531086e-05	1.012023e-04	1.159729e-04	
254	4.011000e-09	8.531117e-05	-1.19500e-04	-1.12237e-04	
255	4.017400e-09	8.531168e-05	-9.28636e-05	-1.01066e-04	
256	4.026089e-09	8.531227e-05	-2.00922e-04	-1.95219e-04	
257	4.043466e-09	8.531334e-05	-1.16282e-04	-1.23621e-04	
258	4.063466e-09	8.531469e-05	-2.15207e-04	-2.08286e-04	
259	4.083466e-09	8.531669e-05	-1.25088e-04	-1.30727e-04	
260	4.103466e-09	8.532003e-05	-2.21387e-04	-2.13811e-04	
261	4.123466e-09	8.532466e-05	-1.28098e-04	-1.34539e-04	
262	4.143466e-09	8.532980e-05	-2.22466e-04	-2.16132e-04	
263	4.163466e-09	8.533510e-05	-1.28200e-04	-1.35453e-04	
264	4.183466e-09	8.534047e-05	-2.22683e-04	-2.16609e-04	
265	4.203466e-09	8.534589e-05	-1.28355e-04	-1.35475e-04	
266	4.223466e-09	8.535134e-05	-2.23078e-04	-2.16770e-04	
267	4.243466e-09	8.535681e-05	-1.28527e-04	-1.35413e-04	
268	4.263466e-09	8.536229e-05	-2.23372e-04	-2.16892e-04	
269	4.283466e-09	8.536779e-05	-1.28572e-04	-1.35332e-04	
270	4.303466e-09	8.537329e-05	-2.23565e-04	-2.17001e-04	
271	4.323466e-09	8.537879e-05	-1.28545e-04	-1.35244e-04	
272	4.343466e-09	8.538430e-05	-2.23708e-04	-2.17104e-04	
273	4.363466e-09	8.538981e-05	-1.28483e-04	-1.35151e-04	
274	4.383466e-09	8.539532e-05	-2.23826e-04	-2.17204e-04	
275	4.403466e-09	8.540084e-05	-1.28404e-04	-1.35057e-04	
276	4.423466e-09	8.540635e-05	-2.23932e-04	-2.17302e-04	
277	4.443466e-09	8.541187e-05	-1.28318e-04	-1.34962e-04	
278	4.463466e-09	8.541739e-05	-2.24031e-04	-2.17398e-04	
279	4.483466e-09	8.542290e-05	-1.28227e-04	-1.34867e-04	
280	4.503466e-09	8.542842e-05	-2.24128e-04	-2.17494e-04	
281	4.523466e-09	8.543394e-05	-1.28135e-04	-1.34772e-04	
282	4.543466e-09	8.543946e-05	-2.24223e-04	-2.17590e-04	
283	4.563466e-09	8.544497e-05	-1.28043e-04	-1.34677e-04	
284	4.583466e-09	8.545049e-05	-2.24317e-04	-2.17685e-04	
285	4.603466e-09	8.545601e-05	-1.27950e-04	-1.34582e-04	
286	4.623466e-09	8.546152e-05	-2.24411e-04	-2.17780e-04	

Index   time            l1#branch       v.x1.v1#branch  v.x2.v1#branch  
--------------------------------------------------------------------------------
287	4.643466e-09	8.546704e-05	-1.27857e-04	-1.34487e-04	
288	4.663466e-09	8.547256e-05	-2.24504e-04	-2.17874e-04	
289	4.683466e-09	8.547808e-05	-1.27764e-04	-1.34393e-04	
290	4.703466e-09	8.548359e-05	-2.24596e-04	-2.17969e-04	
291	4.723466e-09	8.548911e-05	-1.27672e-04	-1.34299e-04	
292	4.743466e-09	8.549463e-05	-2.24689e-04	-2.18062e-04	
293	4.763466e-09	8.550014e-05	-1.27580e-04	-1.34205e-04	
294	4.783466e-09	8.550566e-05	-2.24781e-04	-2.18156e-04	
295	4.803466e-09	8.551118e-05	-1.27488e-04	-1.34112e-04	
296	4.823466e-09	8.551670e-05	-2.24873e-04	-2.18249e-04	
297	4.843466e-09	8.552221e-05	-1.27396e-04	-1.34018e-04	
298	4.863466e-09	8.552773e-05	-2.24964e-04	-2.18343e-04	
299	4.883466e-09	8.553325e-05	-1.27305e-04	-1.33925e-04	
300	4.903466e-09	8.553876e-05	-2.25055e-04	-2.18435e-04	
301	4.923466e-09	8.554428e-05	-1.27214e-04	-1.33833e-04	
302	4.943466e-09	8.554980e-05	-2.25146e-04	-2.18528e-04	
303	4.963466e-09	8.555531e-05	-1.27123e-04	-1.33740e-04	
304	4.983466e-09	8.556083e-05	-2.25237e-04	-2.18620e-04	
305	5.003466e-09	8.556635e-05	-1.27032e-04	-1.33648e-04	
306	5.005000e-09	8.556677e-05	-2.25866e-04	-2.19260e-04	
307	5.005500e-09	8.556691e-05	-5.93920e-04	-5.93102e-04	
308	5.006500e-09	8.556718e-05	-7.07088e-04	-7.05547e-04	
309	5.008500e-09	8.556770e-05	-9.18530e-04	-9.15421e-04	
310	5.010000e-09	8.556807e-05	-1.09549e-03	-1.09008e-03	
311	5.010400e-09	8.556817e-05	-7.21784e-04	-7.16939e-04	
312	5.011200e-09	8.556836e-05	-7.06656e-04	-7.02098e-04	
313	5.012800e-09	8.556876e-05	-7.07703e-04	-7.03855e-04	
314	5.015992e-09	8.556957e-05	-6.37242e-04	-6.53439e-04	
315	5.022375e-09	8.557129e-05	-2.87437e-04	-4.15923e-04	
316	5.034954e-09	8.557479e-05	-3.26627e-05	-4.15468e-05	
317	5.049426e-09	8.557867e-05	-5.22033e-05	-2.97723e-05	
318	5.066694e-09	8.558298e-05	-3.07532e-05	-2.97955e-06	
319	5.086694e-09	8.558766e-05	-3.59035e-05	-2.05113e-05	
320	5.106694e-09	8.559205e-05	-1.83229e-05	2.016820e-06	
321	5.126694e-09	8.559619e-05	-2.18870e-05	-1.79472e-05	
322	5.146694e-09	8.560012e-05	-8.58949e-06	4.786832e-06	
323	5.166694e-09	8.560386e-05	-1.41195e-05	-1.56557e-05	
324	5.186694e-09	8.560745e-05	-3.23193e-06	6.903044e-06	
325	5.206694e-09	8.561090e-05	-9.92987e-06	-1.40088e-05	
326	5.226694e-09	8.561425e-05	-2.44740e-07	8.367867e-06	
327	5.246694e-09	8.561750e-05	-7.57909e-06	-1.29414e-05	
328	5.266694e-09	8.562068e-05	1.450826e-06	9.340552e-06	
329	5.286694e-09	8.562380e-05	-6.20786e-06	-1.22811e-05	
330	5.306694e-09	8.562686e-05	2.433816e-06	9.983012e-06	
331	5.326694e-09	8.562988e-05	-5.37840e-06	-1.18852e-05	
332	5.346694e-09	8.563287e-05	3.011994e-06	1.041436e-05	
333	5.366694e-09	8.563583e-05	-4.85993e-06	-1.16563e-05	
334	5.386694e-09	8.563876e-05	3.353483e-06	1.071263e-05	
335	5.406694e-09	8.564168e-05	-4.52530e-06	-1.15325e-05	
336	5.426694e-09	8.564458e-05	3.553333e-06	1.092696e-05	
337	5.446694e-09	8.564746e-05	-4.30184e-06	-1.14748e-05	
338	5.466694e-09	8.565034e-05	3.666812e-06	1.108793e-05	
339	5.486694e-09	8.565320e-05	-4.14687e-06	-1.14593e-05	
340	5.506694e-09	8.565606e-05	3.726769e-06	1.121465e-05	
341	5.526694e-09	8.565891e-05	-4.03477e-06	-1.14709e-05	
342	5.546694e-09	8.566176e-05	3.753170e-06	1.131909e-05	
343	5.566694e-09	8.566460e-05	-3.94990e-06	-1.14999e-05	
344	5.586694e-09	8.566744e-05	3.758053e-06	1.140907e-05	

Index   time            l1#branch       v.x1.v1#branch  v.x2.v1#branch  
--------------------------------------------------------------------------------
345	5.606694e-09	8.567028e-05	-3.88249e-06	-1.15401e-05	
346	5.626694e-09	8.567312e-05	3.749297e-06	1.148947e-05	
347	5.646694e-09	8.567595e-05	-3.82644e-06	-1.15877e-05	
348	5.666694e-09	8.567878e-05	3.735023e-06	1.156345e-05	
349	5.686694e-09	8.568161e-05	-3.78016e-06	-1.16399e-05	
350	5.706694e-09	8.568444e-05	3.712644e-06	1.163323e-05	
351	5.726694e-09	8.568727e-05	-3.73814e-06	-1.16953e-05	
352	5.746694e-09	8.569010e-05	3.687761e-06	1.170068e-05	
353	5.766694e-09	8.569293e-05	-3.70070e-06	-1.17532e-05	
354	5.786694e-09	8.569575e-05	3.661958e-06	1.176550e-05	
355	5.806694e-09	8.569858e-05	-3.66669e-06	-1.18116e-05	
356	5.826694e-09	8.570141e-05	3.635729e-06	1.182881e-05	
357	5.846694e-09	8.570423e-05	-3.63509e-06	-1.18707e-05	
358	5.866694e-09	8.570706e-05	3.609316e-06	1.189115e-05	
359	5.886694e-09	8.570988e-05	-3.60516e-06	-1.19302e-05	
360	5.906694e-09	8.571271e-05	3.582836e-06	1.195279e-05	
361	5.926694e-09	8.571553e-05	-3.57637e-06	-1.19900e-05	
362	5.946694e-09	8.571836e-05	3.556353e-06	1.201396e-05	
363	5.966694e-09	8.572118e-05	-3.54838e-06	-1.20499e-05	
364	5.986694e-09	8.572401e-05	3.529906e-06	1.207483e-05	
365	6.000000e-09	8.572589e-05	-3.51332e-06	-1.21251e-05	
366	6.000500e-09	8.572596e-05	3.038608e-04	3.212944e-04	
367	6.001500e-09	8.572610e-05	4.677961e-04	4.447072e-04	
368	6.003500e-09	8.572642e-05	1.230854e-03	7.321493e-04	
369	6.005000e-09	8.572667e-05	7.462793e-04	8.761565e-04	
370	6.005400e-09	8.572674e-05	3.320870e-04	3.268050e-04	
371	6.006200e-09	8.572686e-05	2.266165e-04	2.384545e-04	
372	6.007800e-09	8.572707e-05	6.580481e-05	9.729637e-05	
373	6.010000e-09	8.572728e-05	-1.62870e-04	-1.20590e-04	
374	6.010320e-09	8.572731e-05	-8.84753e-05	-6.97773e-05	
375	6.010960e-09	8.572737e-05	-9.90082e-05	-7.99874e-05	
376	6.012240e-09	8.572750e-05	-1.10335e-04	-9.11554e-05	
377	6.014800e-09	8.572781e-05	-1.28107e-04	-1.09996e-04	
378	6.019920e-09	8.572848e-05	-1.37487e-04	-1.30555e-04	
379	6.030160e-09	8.572970e-05	-1.51229e-04	-1.50208e-04	
380	6.045461e-09	8.573112e-05	-1.60977e-04	-1.57975e-04	
381	6.062468e-09	8.573228e-05	-1.69375e-04	-1.65006e-04	
382	6.082468e-09	8.573334e-05	-1.72482e-04	-1.67591e-04	
383	6.102468e-09	8.573430e-05	-1.76214e-04	-1.72553e-04	
384	6.122468e-09	8.573527e-05	-1.75120e-04	-1.73360e-04	
385	6.142468e-09	8.573630e-05	-1.76758e-04	-1.76308e-04	
386	6.162468e-09	8.573741e-05	-1.75244e-04	-1.75176e-04	
387	6.182468e-09	8.573859e-05	-1.76822e-04	-1.76905e-04	
388	6.202468e-09	8.573982e-05	-1.75310e-04	-1.75339e-04	
389	6.222468e-09	8.574110e-05	-1.76857e-04	-1.76943e-04	
390	6.242468e-09	8.574241e-05	-1.75349e-04	-1.75356e-04	
391	6.262468e-09	8.574376e-05	-1.76873e-04	-1.76943e-04	
392	6.282468e-09	8.574514e-05	-1.75375e-04	-1.75364e-04	
393	6.302468e-09	8.574653e-05	-1.76879e-04	-1.76941e-04	
394	6.322468e-09	8.574795e-05	-1.75394e-04	-1.75370e-04	
395	6.342468e-09	8.574937e-05	-1.76879e-04	-1.76938e-04	
396	6.362468e-09	8.575081e-05	-1.75409e-04	-1.75375e-04	
397	6.382468e-09	8.575226e-05	-1.76877e-04	-1.76934e-04	
398	6.402468e-09	8.575371e-05	-1.75422e-04	-1.75380e-04	
399	6.422468e-09	8.575517e-05	-1.76873e-04	-1.76930e-04	
400	6.442468e-09	8.575663e-05	-1.75433e-04	-1.75385e-04	
401	6.462468e-09	8.575810e-05	-1.76867e-04	-1.76926e-04	
402	6.482468e-09	8.575957e-05	-1.75443e-04	-1.75389e-04	

Index   time            l1#branch       v.x1.v1#branch  v.x2.v1#branch  
--------------------------------------------------------------------------------
403	6.502468e-09	8.576105e-05	-1.76861e-04	-1.76922e-04	
404	6.522468e-09	8.576253e-05	-1.75452e-04	-1.75394e-04	
405	6.542468e-09	8.576400e-05	-1.76854e-04	-1.76918e-04	
406	6.562468e-09	8.576548e-05	-1.75461e-04	-1.75398e-04	
407	6.582468e-09	8.576696e-05	-1.76847e-04	-1.76914e-04	
408	6.602468e-09	8.576845e-05	-1.75470e-04	-1.75403e-04	
409	6.622468e-09	8.576993e-05	-1.76839e-04	-1.76910e-04	
410	6.642468e-09	8.577141e-05	-1.75478e-04	-1.75407e-04	
411	6.662468e-09	8.577289e-05	-1.76832e-04	-1.76905e-04	
412	6.682468e-09	8.577438e-05	-1.75486e-04	-1.75411e-04	
413	6.702468e-09	8.577586e-05	-1.76824e-04	-1.76901e-04	
414	6.722468e-09	8.577735e-05	-1.75494e-04	-1.75415e-04	
415	6.742468e-09	8.577883e-05	-1.76816e-04	-1.76897e-04	
416	6.762468e-09	8.578032e-05	-1.75502e-04	-1.75420e-04	
417	6.782468e-09	8.578180e-05	-1.76808e-04	-1.76893e-04	
418	6.802468e-09	8.578328e-05	-1.75510e-04	-1.75424e-04	
419	6.822468e-09	8.578477e-05	-1.76801e-04	-1.76889e-04	
420	6.842468e-09	8.578625e-05	-1.75518e-04	-1.75428e-04	
421	6.862468e-09	8.578774e-05	-1.76793e-04	-1.76884e-04	
422	6.882468e-09	8.578922e-05	-1.75526e-04	-1.75432e-04	
423	6.902468e-09	8.579071e-05	-1.76785e-04	-1.76880e-04	
424	6.922468e-09	8.579219e-05	-1.75533e-04	-1.75437e-04	
425	6.942468e-09	8.579368e-05	-1.76777e-04	-1.76876e-04	
426	6.962468e-09	8.579516e-05	-1.75541e-04	-1.75441e-04	
427	6.982468e-09	8.579665e-05	-1.76770e-04	-1.76872e-04	
428	7.002468e-09	8.579813e-05	-1.75549e-04	-1.75445e-04	
429	7.005000e-09	8.579832e-05	-1.76736e-04	-1.76854e-04	
430	7.005500e-09	8.579836e-05	-5.94434e-04	-5.93603e-04	
431	7.006500e-09	8.579843e-05	-7.06459e-04	-7.05195e-04	
432	7.008500e-09	8.579853e-05	-9.17870e-04	-9.16080e-04	
433	7.010000e-09	8.579858e-05	-1.09198e-03	-1.09008e-03	
434	7.010400e-09	8.579859e-05	-7.18029e-04	-7.17436e-04	
435	7.011200e-09	8.579861e-05	-7.01251e-04	-7.02585e-04	
436	7.012800e-09	8.579865e-05	-6.96226e-04	-7.04287e-04	
437	7.016000e-09	8.579877e-05	-5.80081e-04	-6.51210e-04	
438	7.022400e-09	8.579911e-05	-2.43885e-04	-3.92799e-04	
439	7.031289e-09	8.579971e-05	-7.72033e-05	-1.00939e-04	
440	7.044435e-09	8.580062e-05	-3.43704e-05	-2.26947e-05	
441	7.061042e-09	8.580167e-05	-2.38406e-05	-7.64107e-06	
442	7.081042e-09	8.580276e-05	-1.79151e-05	-1.94003e-05	
443	7.101042e-09	8.580364e-05	-1.46552e-05	2.593316e-07	
444	7.121042e-09	8.580434e-05	-1.20233e-05	-1.49425e-05	
445	7.141042e-09	8.580488e-05	-9.74012e-06	4.341953e-06	
446	7.161042e-09	8.580530e-05	-7.41368e-06	-1.23273e-05	
447	7.181042e-09	8.580562e-05	-5.98054e-06	6.334009e-06	
448	7.201042e-09	8.580587e-05	-4.33803e-06	-1.09378e-05	
449	7.221042e-09	8.580605e-05	-3.68897e-06	7.434105e-06	
450	7.241042e-09	8.580619e-05	-2.46146e-06	-1.01633e-05	
451	7.261042e-09	8.580629e-05	-2.35356e-06	8.089324e-06	
452	7.281042e-09	8.580637e-05	-1.30894e-06	-9.72245e-06	
453	7.301042e-09	8.580642e-05	-1.59004e-06	8.491392e-06	
454	7.321042e-09	8.580646e-05	-5.85592e-07	-9.47502e-06	
455	7.341042e-09	8.580648e-05	-1.16799e-06	8.745540e-06	
456	7.361042e-09	8.580650e-05	-1.18083e-07	-9.34168e-06	
457	7.381042e-09	8.580651e-05	-9.49637e-07	8.911844e-06	
458	7.401042e-09	8.580651e-05	1.963393e-07	-9.27617e-06	
459	7.421042e-09	8.580650e-05	-8.53712e-07	9.025751e-06	
460	7.441042e-09	8.580650e-05	4.191040e-07	-9.25122e-06	

Index   time            l1#branch       v.x1.v1#branch  v.x2.v1#branch  
--------------------------------------------------------------------------------
461	7.461042e-09	8.580649e-05	-8.30147e-07	9.108153e-06	
462	7.481042e-09	8.580647e-05	5.867624e-07	-9.25041e-06	
463	7.501042e-09	8.580646e-05	-8.50385e-07	9.172253e-06	
464	7.521042e-09	8.580644e-05	7.213514e-07	-9.26367e-06	
465	7.541042e-09	8.580643e-05	-8.96106e-07	9.223996e-06	
466	7.561042e-09	8.580641e-05	8.357555e-07	-9.28605e-06	
467	7.581042e-09	8.580639e-05	-9.57477e-07	9.269244e-06	
468	7.601042e-09	8.580638e-05	9.381198e-07	-9.31347e-06	
469	7.621042e-09	8.580636e-05	-1.02796e-06	9.310867e-06	
470	7.641042e-09	8.580634e-05	1.033093e-06	-9.34429e-06	
471	7.661042e-09	8.580632e-05	-1.10373e-06	9.349484e-06	
472	7.681042e-09	8.580630e-05	1.123504e-06	-9.37629e-06	
473	7.701042e-09	8.580628e-05	-1.18255e-06	9.386413e-06	
474	7.721042e-09	8.580626e-05	1.211035e-06	-9.40928e-06	
475	7.741042e-09	8.580624e-05	-1.26305e-06	9.422365e-06	
476	7.761042e-09	8.580622e-05	1.296698e-06	-9.44286e-06	
477	7.781042e-09	8.580620e-05	-1.34443e-06	9.457779e-06	
478	7.801042e-09	8.580618e-05	1.381116e-06	-9.47690e-06	
479	7.821042e-09	8.580617e-05	-1.42622e-06	9.492916e-06	
480	7.841042e-09	8.580615e-05	1.464663e-06	-9.51119e-06	
481	7.861042e-09	8.580613e-05	-1.50813e-06	9.527847e-06	
482	7.881042e-09	8.580611e-05	1.547564e-06	-9.54559e-06	
483	7.901042e-09	8.580609e-05	-1.58996e-06	9.562613e-06	
484	7.921042e-09	8.580607e-05	1.629930e-06	-9.58002e-06	
485	7.941042e-09	8.580605e-05	-1.67168e-06	9.597231e-06	
486	7.961042e-09	8.580603e-05	1.711915e-06	-9.61441e-06	
487	7.981042e-09	8.580601e-05	-1.75318e-06	9.631711e-06	
488	8.000000e-09	8.580599e-05	1.795748e-06	-9.64965e-06	
489	8.000500e-09	8.580600e-05	2.960859e-04	3.154284e-04	
490	8.001500e-09	8.580603e-05	4.813161e-04	4.532713e-04	
491	8.003500e-09	8.580618e-05	1.459090e-03	8.636609e-04	
492	8.005000e-09	8.580635e-05	7.043051e-04	8.774080e-04	
493	8.005400e-09	8.580640e-05	3.191593e-04	3.250310e-04	
494	8.006200e-09	8.580649e-05	2.280648e-04	2.376113e-04	
495	8.007800e-09	8.580666e-05	1.012142e-04	1.160066e-04	
496	8.011000e-09	8.580696e-05	-1.19496e-04	-1.12328e-04	
497	8.017400e-09	8.580747e-05	-9.28805e-05	-1.01035e-04	
498	8.026094e-09	8.580806e-05	-2.00903e-04	-1.95293e-04	
499	8.043482e-09	8.580913e-05	-1.16290e-04	-1.23581e-04	
500	8.063482e-09	8.581048e-05	-2.15177e-04	-2.08344e-04	
501	8.083482e-09	8.581247e-05	-1.25092e-04	-1.30673e-04	
502	8.103482e-09	8.581579e-05	-2.21366e-04	-2.13866e-04	
503	8.123482e-09	8.582041e-05	-1.28112e-04	-1.34485e-04	
504	8.143482e-09	8.582555e-05	-2.22453e-04	-2.16185e-04	
505	8.163482e-09	8.583084e-05	-1.28217e-04	-1.35399e-04	
506	8.183482e-09	8.583621e-05	-2.22668e-04	-2.16663e-04	
507	8.203482e-09	8.584163e-05	-1.28370e-04	-1.35421e-04	
508	8.223482e-09	8.584708e-05	-2.23062e-04	-2.16824e-04	
509	8.243482e-09	8.585254e-05	-1.28542e-04	-1.35359e-04	
510	8.263482e-09	8.585802e-05	-2.23357e-04	-2.16946e-04	
511	8.283482e-09	8.586351e-05	-1.28587e-04	-1.35278e-04	
512	8.303482e-09	8.586901e-05	-2.23550e-04	-2.17056e-04	
513	8.323482e-09	8.587451e-05	-1.28560e-04	-1.35189e-04	
514	8.343482e-09	8.588002e-05	-2.23693e-04	-2.17159e-04	
515	8.363482e-09	8.588553e-05	-1.28498e-04	-1.35097e-04	
516	8.383482e-09	8.589104e-05	-2.23811e-04	-2.17259e-04	
517	8.403482e-09	8.589655e-05	-1.28419e-04	-1.35003e-04	
518	8.423482e-09	8.590206e-05	-2.23917e-04	-2.17356e-04	

Index   time            l1#branch       v.x1.v1#branch  v.x2.v1#branch  
--------------------------------------------------------------------------------
519	8.443482e-09	8.590757e-05	-1.28332e-04	-1.34908e-04	
520	8.463482e-09	8.591309e-05	-2.24017e-04	-2.17453e-04	
521	8.483482e-09	8.591860e-05	-1.28242e-04	-1.34812e-04	
522	8.503482e-09	8.592412e-05	-2.24113e-04	-2.17549e-04	
523	8.523482e-09	8.592963e-05	-1.28150e-04	-1.34717e-04	
524	8.543482e-09	8.593515e-05	-2.24209e-04	-2.17645e-04	
525	8.563482e-09	8.594066e-05	-1.28057e-04	-1.34622e-04	
526	8.583482e-09	8.594617e-05	-2.24303e-04	-2.17740e-04	
527	8.603482e-09	8.595169e-05	-1.27964e-04	-1.34527e-04	
528	8.623482e-09	8.595720e-05	-2.24396e-04	-2.17835e-04	
529	8.643482e-09	8.596272e-05	-1.27871e-04	-1.34432e-04	
530	8.663482e-09	8.596823e-05	-2.24489e-04	-2.17930e-04	
531	8.683482e-09	8.597375e-05	-1.27779e-04	-1.34338e-04	
532	8.703482e-09	8.597926e-05	-2.24582e-04	-2.18024e-04	
533	8.723482e-09	8.598478e-05	-1.27686e-04	-1.34243e-04	
534	8.743482e-09	8.599029e-05	-2.24675e-04	-2.18118e-04	
535	8.763482e-09	8.599580e-05	-1.27594e-04	-1.34150e-04	
536	8.783482e-09	8.600132e-05	-2.24767e-04	-2.18212e-04	
537	8.803482e-09	8.600683e-05	-1.27502e-04	-1.34056e-04	
538	8.823482e-09	8.601235e-05	-2.24859e-04	-2.18305e-04	
539	8.843482e-09	8.601786e-05	-1.27410e-04	-1.33963e-04	
540	8.863482e-09	8.602338e-05	-2.24950e-04	-2.18398e-04	
541	8.883482e-09	8.602889e-05	-1.27319e-04	-1.33870e-04	
542	8.903482e-09	8.603440e-05	-2.25042e-04	-2.18491e-04	
543	8.923482e-09	8.603992e-05	-1.27227e-04	-1.33777e-04	
544	8.943482e-09	8.604543e-05	-2.25133e-04	-2.18584e-04	
545	8.963482e-09	8.605095e-05	-1.27136e-04	-1.33684e-04	
546	8.983482e-09	8.605646e-05	-2.25224e-04	-2.18676e-04	
547	9.003482e-09	8.606197e-05	-1.27046e-04	-1.33592e-04	
548	9.005000e-09	8.606239e-05	-2.25860e-04	-2.19324e-04	
549	9.005500e-09	8.606253e-05	-5.93918e-04	-5.93102e-04	
550	9.006500e-09	8.606280e-05	-7.07087e-04	-7.05547e-04	
551	9.008500e-09	8.606332e-05	-9.18529e-04	-9.15421e-04	
552	9.010000e-09	8.606369e-05	-1.09549e-03	-1.09008e-03	
553	9.010400e-09	8.606379e-05	-7.21782e-04	-7.16939e-04	
554	9.011200e-09	8.606398e-05	-7.06653e-04	-7.02099e-04	
555	9.012800e-09	8.606438e-05	-7.07696e-04	-7.03855e-04	
556	9.015983e-09	8.606519e-05	-6.37530e-04	-6.53642e-04	
557	9.022348e-09	8.606691e-05	-2.88640e-04	-4.17054e-04	
558	9.034929e-09	8.607040e-05	-3.25595e-05	-4.17556e-05	
559	9.049392e-09	8.607427e-05	-5.23509e-05	-2.98619e-05	
560	9.066660e-09	8.607858e-05	-3.06957e-05	-2.98521e-06	
561	9.086660e-09	8.608325e-05	-3.59885e-05	-2.05917e-05	
562	9.106660e-09	8.608764e-05	-1.82488e-05	2.017951e-06	
563	9.126660e-09	8.609178e-05	-2.19607e-05	-1.80103e-05	
564	9.146660e-09	8.609569e-05	-8.52522e-06	4.809614e-06	
565	9.166660e-09	8.609942e-05	-1.41979e-05	-1.57072e-05	
566	9.186660e-09	8.610300e-05	-3.16830e-06	6.934995e-06	
567	9.206660e-09	8.610644e-05	-1.00077e-05	-1.40554e-05	
568	9.226660e-09	8.610977e-05	-1.78397e-07	8.404142e-06	
569	9.246660e-09	8.611302e-05	-7.65605e-06	-1.29862e-05	
570	9.266660e-09	8.611618e-05	1.519885e-06	9.379111e-06	
571	9.286660e-09	8.611928e-05	-6.28446e-06	-1.23254e-05	
572	9.306660e-09	8.612234e-05	2.505048e-06	1.002296e-05	
573	9.326660e-09	8.612534e-05	-5.45518e-06	-1.19296e-05	
574	9.346660e-09	8.612831e-05	3.084950e-06	1.045529e-05	
575	9.366660e-09	8.613126e-05	-4.93725e-06	-1.17010e-05	
576	9.386660e-09	8.613417e-05	3.427884e-06	1.075440e-05	

Index   time            l1#branch       v.x1.v1#branch  v.x2.v1#branch  
--------------------------------------------------------------------------------
577	9.406660e-09	8.613707e-05	-4.60337e-06	-1.15775e-05	
578	9.426660e-09	8.613995e-05	3.629041e-06	1.096952e-05	
579	9.446660e-09	8.614282e-05	-4.38074e-06	-1.15203e-05	
580	9.466660e-09	8.614568e-05	3.743769e-06	1.113129e-05	
581	9.486660e-09	8.614853e-05	-4.22663e-06	-1.15052e-05	
582	9.506660e-09	8.615137e-05	3.804951e-06	1.125879e-05	
583	9.526660e-09	8.615420e-05	-4.11540e-06	-1.15171e-05	
584	9.546660e-09	8.615703e-05	3.833313e-06	1.136409e-05	
585	9.566660e-09	8.615986e-05	-4.03105e-06	-1.15465e-05	
586	9.586660e-09	8.616268e-05	3.838203e-06	1.145476e-05	
587	9.606660e-09	8.616550e-05	-3.96509e-06	-1.15872e-05	
588	9.626660e-09	8.616831e-05	3.830908e-06	1.153584e-05	
589	9.646660e-09	8.617113e-05	-3.90983e-06	-1.16353e-05	
590	9.666660e-09	8.617394e-05	3.817889e-06	1.161053e-05	
591	9.686660e-09	8.617675e-05	-3.86442e-06	-1.16880e-05	
592	9.706660e-09	8.617957e-05	3.796576e-06	1.168100e-05	
593	9.726660e-09	8.618238e-05	-3.82315e-06	-1.17439e-05	
594	9.746660e-09	8.618519e-05	3.772634e-06	1.174910e-05	
595	9.766660e-09	8.618799e-05	-3.78647e-06	-1.18023e-05	
596	9.786660e-09	8.619080e-05	3.747743e-06	1.181456e-05	
597	9.806660e-09	8.619361e-05	-3.75325e-06	-1.18612e-05	
598	9.826660e-09	8.619642e-05	3.722415e-06	1.187849e-05	
599	9.846660e-09	8.619923e-05	-3.72246e-06	-1.19208e-05	
600	9.866660e-09	8.620203e-05	3.696898e-06	1.194143e-05	
601	9.886660e-09	8.620484e-05	-3.69335e-06	-1.19809e-05	
602	9.906660e-09	8.620765e-05	3.671308e-06	1.200366e-05	
603	9.926660e-09	8.621045e-05	-3.66540e-06	-1.20412e-05	
604	9.946660e-09	8.621326e-05	3.645712e-06	1.206538e-05	
605	9.966660e-09	8.621606e-05	-3.63826e-06	-1.21016e-05	
606	9.986660e-09	8.621887e-05	3.620147e-06	1.212677e-05	
607	1.000000e-08	8.622074e-05	-3.60434e-06	-1.21773e-05	

                   * /home/pramod/esim-workspace/s21/s21.cir
                   Transient Analysis  Thu Aug 20 10:50:43  2020
--------------------------------------------------------------------------------
Index   time            v.x3.v1#branch  v2#branch       v3#branch       
--------------------------------------------------------------------------------
0	0.000000e+00	-2.48431e-11	-1.03703e-04	0.000000e+00	
1	5.000000e-14	1.807436e-04	2.123413e-04	-9.28190e-04	
2	1.000000e-13	2.089804e-04	2.351095e-04	-1.01146e-03	
3	2.000000e-13	2.341193e-04	2.395359e-04	-1.06916e-03	
4	4.000000e-13	2.758380e-04	2.318496e-04	-1.15270e-03	
5	8.000000e-13	3.591129e-04	2.314890e-04	-1.32839e-03	
6	1.600000e-12	5.140284e-04	2.330046e-04	-1.73674e-03	
7	3.200000e-12	1.695128e-03	1.165261e-04	-3.44391e-03	
8	5.000000e-12	7.211086e-04	6.713236e-05	-2.78182e-03	
9	5.320000e-12	3.327732e-04	-1.83767e-04	-1.27831e-03	
10	5.960000e-12	2.518929e-04	-1.69788e-04	-1.09992e-03	
11	7.240000e-12	1.449584e-04	-1.50233e-04	-8.90022e-04	
12	9.800000e-12	-6.75627e-05	-1.17814e-04	-4.86193e-04	
13	1.492000e-11	-1.13397e-04	-1.31694e-04	-3.36272e-04	
14	2.502417e-11	-1.72003e-04	-2.24714e-04	-1.41460e-04	
15	3.911374e-11	-1.46949e-04	-3.32144e-04	-6.47061e-05	
16	5.911374e-11	-1.83982e-04	-4.12804e-04	4.312045e-05	
17	7.911374e-11	-1.52489e-04	-3.97741e-04	-9.46287e-06	
18	9.911374e-11	-1.87358e-04	-3.73272e-04	2.942112e-05	
19	1.191137e-10	-1.55669e-04	-3.24586e-04	1.127565e-05	
20	1.391137e-10	-1.90933e-04	-2.77608e-04	4.786653e-05	
21	1.591137e-10	-1.58579e-04	-2.53849e-04	1.285971e-06	
22	1.791137e-10	-1.92461e-04	-2.34991e-04	3.994398e-05	
23	1.991137e-10	-1.59155e-04	-2.23464e-04	-1.04039e-05	
24	2.191137e-10	-1.92765e-04	-2.15127e-04	3.172884e-05	
25	2.391137e-10	-1.59266e-04	-2.09120e-04	-1.68465e-05	
26	2.591137e-10	-1.92877e-04	-2.05045e-04	2.772480e-05	
27	2.791137e-10	-1.59291e-04	-2.01780e-04	-2.00804e-05	
28	2.991137e-10	-1.92945e-04	-1.99848e-04	2.561811e-05	
29	3.191137e-10	-1.59290e-04	-1.98040e-04	-2.17083e-05	
30	3.391137e-10	-1.92994e-04	-1.97211e-04	2.451908e-05	
31	3.591137e-10	-1.59275e-04	-1.96175e-04	-2.25373e-05	
32	3.791137e-10	-1.93032e-04	-1.95900e-04	2.394452e-05	
33	3.991137e-10	-1.59252e-04	-1.95264e-04	-2.29561e-05	
34	4.191137e-10	-1.93066e-04	-1.95256e-04	2.364834e-05	
35	4.391137e-10	-1.59227e-04	-1.94826e-04	-2.31621e-05	
36	4.591137e-10	-1.93097e-04	-1.94942e-04	2.349692e-05	
37	4.791137e-10	-1.59200e-04	-1.94621e-04	-2.32601e-05	
38	4.991137e-10	-1.93127e-04	-1.94789e-04	2.341858e-05	
39	5.191137e-10	-1.59172e-04	-1.94530e-04	-2.33043e-05	
40	5.391137e-10	-1.93156e-04	-1.94716e-04	2.337642e-05	
41	5.591137e-10	-1.59144e-04	-1.94493e-04	-2.33220e-05	
42	5.791137e-10	-1.93184e-04	-1.94681e-04	2.335198e-05	
43	5.991137e-10	-1.59116e-04	-1.94484e-04	-2.33268e-05	
44	6.191137e-10	-1.93213e-04	-1.94665e-04	2.333614e-05	
45	6.391137e-10	-1.59088e-04	-1.94488e-04	-2.33251e-05	
46	6.591137e-10	-1.93241e-04	-1.94658e-04	2.332446e-05	
47	6.791137e-10	-1.59059e-04	-1.94498e-04	-2.33203e-05	
48	6.991137e-10	-1.93269e-04	-1.94655e-04	2.331478e-05	
49	7.191137e-10	-1.59031e-04	-1.94511e-04	-2.33140e-05	
50	7.391137e-10	-1.93298e-04	-1.94655e-04	2.330606e-05	
51	7.591137e-10	-1.59003e-04	-1.94526e-04	-2.33069e-05	
52	7.791137e-10	-1.93326e-04	-1.94656e-04	2.329778e-05	
53	7.991137e-10	-1.58975e-04	-1.94542e-04	-2.32994e-05	
54	8.191137e-10	-1.93354e-04	-1.94657e-04	2.328972e-05	

Index   time            v.x3.v1#branch  v2#branch       v3#branch       
--------------------------------------------------------------------------------
55	8.391137e-10	-1.58947e-04	-1.94557e-04	-2.32917e-05	
56	8.591137e-10	-1.93382e-04	-1.94659e-04	2.328176e-05	
57	8.791137e-10	-1.58919e-04	-1.94573e-04	-2.32840e-05	
58	8.991137e-10	-1.93409e-04	-1.94660e-04	2.327384e-05	
59	9.191137e-10	-1.58892e-04	-1.94589e-04	-2.32761e-05	
60	9.391137e-10	-1.93437e-04	-1.94662e-04	2.326595e-05	
61	9.591137e-10	-1.58864e-04	-1.94605e-04	-2.32683e-05	
62	9.791137e-10	-1.93465e-04	-1.94664e-04	2.325808e-05	
63	9.991137e-10	-1.58836e-04	-1.94622e-04	-2.32604e-05	
64	1.005000e-09	-1.93525e-04	-1.94654e-04	2.324083e-05	
65	1.005500e-09	-1.76932e-04	-5.77768e-04	2.134411e-03	
66	1.006500e-09	-1.77913e-04	-6.09806e-04	2.643178e-03	
67	1.008500e-09	-1.78458e-04	-6.46893e-04	3.122440e-03	
68	1.010000e-09	-1.79034e-04	-5.92385e-04	3.442181e-03	
69	1.010400e-09	-1.78171e-04	-2.30819e-04	1.577871e-03	
70	1.011200e-09	-1.77532e-04	-1.77466e-04	1.242649e-03	
71	1.012800e-09	-1.76820e-04	-6.69674e-05	1.228332e-03	
72	1.016000e-09	-1.75562e-04	5.319727e-05	7.564000e-04	
73	1.022400e-09	-1.74951e-04	9.389473e-05	3.412932e-04	
74	1.034977e-09	-1.75894e-04	-3.37050e-05	-1.94123e-04	
75	1.049458e-09	-1.76986e-04	-3.93040e-05	1.308287e-05	
76	1.066724e-09	-1.76839e-04	-8.18401e-05	-1.42729e-04	
77	1.086724e-09	-1.76809e-04	-7.07829e-05	3.846023e-05	
78	1.106724e-09	-1.76585e-04	-1.07733e-04	-1.18330e-04	
79	1.126724e-09	-1.76615e-04	-9.23283e-05	5.678955e-05	
80	1.146724e-09	-1.76420e-04	-1.25508e-04	-1.03935e-04	
81	1.166724e-09	-1.76486e-04	-1.07065e-04	6.771156e-05	
82	1.186724e-09	-1.76312e-04	-1.37318e-04	-9.58907e-05	
83	1.206724e-09	-1.76397e-04	-1.16706e-04	7.420713e-05	
84	1.226724e-09	-1.76238e-04	-1.44918e-04	-9.13730e-05	
85	1.246724e-09	-1.76338e-04	-1.22904e-04	7.814652e-05	
86	1.266724e-09	-1.76189e-04	-1.49756e-04	-8.87922e-05	
87	1.286724e-09	-1.76298e-04	-1.26881e-04	8.060459e-05	
88	1.306724e-09	-1.76156e-04	-1.52833e-04	-8.73114e-05	
89	1.326724e-09	-1.76272e-04	-1.29448e-04	8.218434e-05	
90	1.346724e-09	-1.76135e-04	-1.54795e-04	-8.64707e-05	
91	1.366724e-09	-1.76255e-04	-1.31121e-04	8.323211e-05	
92	1.386724e-09	-1.76120e-04	-1.56048e-04	-8.60087e-05	
93	1.406724e-09	-1.76244e-04	-1.32223e-04	8.395113e-05	
94	1.426724e-09	-1.76111e-04	-1.56849e-04	-8.57731e-05	
95	1.446724e-09	-1.76237e-04	-1.32958e-04	8.446284e-05	
96	1.466724e-09	-1.76104e-04	-1.57359e-04	-8.56739e-05	
97	1.486724e-09	-1.76232e-04	-1.33455e-04	8.484108e-05	
98	1.506724e-09	-1.76100e-04	-1.57680e-04	-8.56573e-05	
99	1.526724e-09	-1.76229e-04	-1.33797e-04	8.513165e-05	
100	1.546724e-09	-1.76097e-04	-1.57878e-04	-8.56904e-05	
101	1.566724e-09	-1.76227e-04	-1.34038e-04	8.536332e-05	
102	1.586724e-09	-1.76095e-04	-1.57997e-04	-8.57533e-05	
103	1.606724e-09	-1.76226e-04	-1.34211e-04	8.555507e-05	
104	1.626724e-09	-1.76094e-04	-1.58063e-04	-8.58337e-05	
105	1.646724e-09	-1.76225e-04	-1.34340e-04	8.571903e-05	
106	1.666724e-09	-1.76093e-04	-1.58095e-04	-8.59272e-05	
107	1.686724e-09	-1.76225e-04	-1.34439e-04	8.586533e-05	
108	1.706724e-09	-1.76092e-04	-1.58104e-04	-8.60240e-05	
109	1.726724e-09	-1.76224e-04	-1.34519e-04	8.599711e-05	
110	1.746724e-09	-1.76092e-04	-1.58099e-04	-8.61241e-05	
111	1.766724e-09	-1.76224e-04	-1.34586e-04	8.612040e-05	
112	1.786724e-09	-1.76091e-04	-1.58085e-04	-8.62257e-05	

Index   time            v.x3.v1#branch  v2#branch       v3#branch       
--------------------------------------------------------------------------------
113	1.806724e-09	-1.76224e-04	-1.34644e-04	8.623688e-05	
114	1.826724e-09	-1.76091e-04	-1.58064e-04	-8.63278e-05	
115	1.846724e-09	-1.76225e-04	-1.34697e-04	8.634846e-05	
116	1.866724e-09	-1.76091e-04	-1.58039e-04	-8.64295e-05	
117	1.886724e-09	-1.76225e-04	-1.34745e-04	8.645622e-05	
118	1.906724e-09	-1.76090e-04	-1.58012e-04	-8.65305e-05	
119	1.926724e-09	-1.76225e-04	-1.34791e-04	8.656095e-05	
120	1.946724e-09	-1.76090e-04	-1.57983e-04	-8.66306e-05	
121	1.966724e-09	-1.76225e-04	-1.34835e-04	8.666325e-05	
122	1.986724e-09	-1.76090e-04	-1.57954e-04	-8.67296e-05	
123	2.000000e-09	-1.76225e-04	-1.34885e-04	8.678734e-05	
124	2.000500e-09	-1.75161e-04	1.579387e-04	-1.61661e-03	
125	2.001500e-09	-1.74053e-04	1.677076e-04	-2.02428e-03	
126	2.003500e-09	-1.72415e-04	8.935948e-05	-3.29287e-03	
127	2.005000e-09	-1.71357e-04	1.340553e-05	-3.08397e-03	
128	2.005400e-09	-5.78419e-04	-2.62329e-04	-1.62378e-03	
129	2.006200e-09	-6.70638e-04	-2.40683e-04	-1.40005e-03	
130	2.007800e-09	-8.33760e-04	-2.14986e-04	-1.02569e-03	
131	2.010000e-09	-1.08806e-03	-1.72442e-04	-6.00876e-04	
132	2.010320e-09	-7.15820e-04	-1.51784e-04	-2.28436e-04	
133	2.010960e-09	-6.98865e-04	-1.56738e-04	-1.21336e-04	
134	2.012240e-09	-7.04632e-04	-1.51294e-04	-7.06619e-05	
135	2.014800e-09	-6.60582e-04	-1.44064e-04	6.787670e-05	
136	2.019920e-09	-4.61803e-04	-1.49388e-04	6.412170e-05	
137	2.030160e-09	-9.90736e-05	-1.76834e-04	-9.51564e-05	
138	2.045398e-09	-2.38993e-05	-2.32372e-04	-5.28870e-05	
139	2.062397e-09	9.708926e-06	-2.52506e-04	-3.72209e-05	
140	2.082397e-09	-1.16864e-05	-2.19016e-04	-2.38664e-05	
141	2.102397e-09	1.267198e-05	-2.16086e-04	-1.20791e-05	
142	2.122397e-09	-8.27486e-06	-1.94733e-04	3.018237e-06	
143	2.142397e-09	1.601519e-05	-1.80484e-04	8.359973e-07	
144	2.162397e-09	-9.52680e-06	-1.59654e-04	7.691381e-06	
145	2.182397e-09	1.531625e-05	-1.59846e-04	1.068502e-06	
146	2.202397e-09	-1.11568e-05	-1.51017e-04	5.470847e-06	
147	2.222397e-09	1.484334e-05	-1.55749e-04	2.519724e-07	
148	2.242397e-09	-1.21271e-05	-1.48503e-04	4.002650e-06	
149	2.262397e-09	1.453720e-05	-1.53887e-04	-2.85845e-07	
150	2.282397e-09	-1.27608e-05	-1.47079e-04	3.052816e-06	
151	2.302397e-09	1.434702e-05	-1.52735e-04	-6.28511e-07	
152	2.322397e-09	-1.31849e-05	-1.46171e-04	2.437098e-06	
153	2.342397e-09	1.423760e-05	-1.51991e-04	-8.47941e-07	
154	2.362397e-09	-1.34782e-05	-1.45581e-04	2.038052e-06	
155	2.382397e-09	1.418152e-05	-1.51504e-04	-9.93957e-07	
156	2.402397e-09	-1.36874e-05	-1.45195e-04	1.780971e-06	
157	2.422397e-09	1.416059e-05	-1.51184e-04	-1.09493e-06	
158	2.442397e-09	-1.38417e-05	-1.44942e-04	1.617533e-06	
159	2.462397e-09	1.416276e-05	-1.50971e-04	-1.16776e-06	
160	2.482397e-09	-1.39599e-05	-1.44776e-04	1.516189e-06	
161	2.502397e-09	1.418532e-05	-1.50831e-04	-1.22361e-06	
162	2.522397e-09	-1.40594e-05	-1.44667e-04	1.457639e-06	
163	2.542397e-09	1.421351e-05	-1.50737e-04	-1.26802e-06	
164	2.562397e-09	-1.41376e-05	-1.44597e-04	1.425194e-06	
165	2.582397e-09	1.424827e-05	-1.50674e-04	-1.30451e-06	
166	2.602397e-09	-1.42078e-05	-1.44552e-04	1.411590e-06	
167	2.622397e-09	1.429077e-05	-1.50632e-04	-1.33721e-06	
168	2.642397e-09	-1.42745e-05	-1.44523e-04	1.411273e-06	
169	2.662397e-09	1.433915e-05	-1.50605e-04	-1.36776e-06	
170	2.682397e-09	-1.43390e-05	-1.44505e-04	1.419915e-06	

Index   time            v.x3.v1#branch  v2#branch       v3#branch       
--------------------------------------------------------------------------------
171	2.702397e-09	1.439148e-05	-1.50586e-04	-1.39692e-06	
172	2.722397e-09	-1.44020e-05	-1.44494e-04	1.434500e-06	
173	2.742397e-09	1.444640e-05	-1.50573e-04	-1.42513e-06	
174	2.762397e-09	-1.44640e-05	-1.44489e-04	1.453006e-06	
175	2.782397e-09	1.450298e-05	-1.50564e-04	-1.45269e-06	
176	2.802397e-09	-1.45253e-05	-1.44486e-04	1.474091e-06	
177	2.822397e-09	1.456060e-05	-1.50558e-04	-1.47977e-06	
178	2.842397e-09	-1.45860e-05	-1.44486e-04	1.496859e-06	
179	2.862397e-09	1.461887e-05	-1.50554e-04	-1.50652e-06	
180	2.882397e-09	-1.46463e-05	-1.44487e-04	1.520720e-06	
181	2.902397e-09	1.467749e-05	-1.50551e-04	-1.53301e-06	
182	2.922397e-09	-1.47062e-05	-1.44489e-04	1.545278e-06	
183	2.942397e-09	1.473630e-05	-1.50549e-04	-1.55931e-06	
184	2.962397e-09	-1.47659e-05	-1.44492e-04	1.570273e-06	
185	2.982397e-09	1.479517e-05	-1.50547e-04	-1.58544e-06	
186	3.002397e-09	-1.48253e-05	-1.44495e-04	1.595529e-06	
187	3.005000e-09	1.504581e-05	-1.50537e-04	-1.69582e-06	
188	3.005500e-09	-3.24603e-05	-5.41855e-04	2.202340e-03	
189	3.006500e-09	-7.87535e-05	-5.88650e-04	2.732877e-03	
190	3.008500e-09	-1.35888e-04	-6.42799e-04	3.143408e-03	
191	3.010000e-09	-1.57846e-04	-6.12714e-04	3.436574e-03	
192	3.010400e-09	-1.27349e-04	-2.54380e-04	1.556990e-03	
193	3.011200e-09	-9.28907e-05	-1.78069e-04	1.349498e-03	
194	3.012800e-09	-3.04033e-05	-6.57668e-05	1.179155e-03	
195	3.016000e-09	2.043838e-05	1.042272e-04	7.627919e-04	
196	3.022400e-09	9.190246e-05	1.133940e-04	2.429158e-04	
197	3.031325e-09	1.294595e-05	3.025402e-05	-2.30298e-05	
198	3.044505e-09	-1.35540e-05	-3.11609e-05	-4.03962e-05	
199	3.061108e-09	-2.56132e-05	-3.26424e-05	-6.35608e-05	
200	3.081108e-09	-9.46930e-06	-6.73221e-05	-9.74374e-06	
201	3.101108e-09	-1.96144e-05	-6.08760e-05	-4.70575e-05	
202	3.121108e-09	-4.25422e-06	-8.65276e-05	6.147091e-06	
203	3.141108e-09	-1.53982e-05	-7.51194e-05	-3.72562e-05	
204	3.161108e-09	-9.39313e-08	-9.72561e-05	1.443139e-05	
205	3.181108e-09	-1.21719e-05	-8.32030e-05	-3.22672e-05	
206	3.201108e-09	2.643845e-06	-1.03494e-04	1.887764e-05	
207	3.221108e-09	-1.01149e-05	-8.79413e-05	-2.94504e-05	
208	3.241108e-09	4.340151e-06	-1.07196e-04	2.148868e-05	
209	3.261108e-09	-8.85316e-06	-9.07515e-05	-2.78003e-05	
210	3.281108e-09	5.375720e-06	-1.09414e-04	2.304526e-05	
211	3.301108e-09	-8.09194e-06	-9.24227e-05	-2.68231e-05	
212	3.321108e-09	6.004823e-06	-1.10749e-04	2.397730e-05	
213	3.341108e-09	-7.63847e-06	-9.34150e-05	-2.62399e-05	
214	3.361108e-09	6.387421e-06	-1.11557e-04	2.453467e-05	
215	3.381108e-09	-7.36991e-06	-9.40010e-05	-2.58895e-05	
216	3.401108e-09	6.621533e-06	-1.12050e-04	2.486600e-05	
217	3.421108e-09	-7.21280e-06	-9.43439e-05	-2.56767e-05	
218	3.441108e-09	6.765672e-06	-1.12354e-04	2.506158e-05	
219	3.461108e-09	-7.12267e-06	-9.45411e-05	-2.55454e-05	
220	3.481108e-09	6.856584e-06	-1.12544e-04	2.517450e-05	
221	3.501108e-09	-7.07199e-06	-9.46514e-05	-2.54632e-05	
222	3.521108e-09	6.914785e-06	-1.12667e-04	2.523771e-05	
223	3.541108e-09	-7.04640e-06	-9.47086e-05	-2.54088e-05	
224	3.561108e-09	6.953991e-06	-1.12748e-04	2.527063e-05	
225	3.581108e-09	-7.03499e-06	-9.47347e-05	-2.53706e-05	
226	3.601108e-09	6.981507e-06	-1.12805e-04	2.528468e-05	
227	3.621108e-09	-7.03214e-06	-9.47424e-05	-2.53422e-05	
228	3.641108e-09	7.002012e-06	-1.12848e-04	2.528743e-05	

Index   time            v.x3.v1#branch  v2#branch       v3#branch       
--------------------------------------------------------------------------------
229	3.661108e-09	-7.03432e-06	-9.47388e-05	-2.53189e-05	
230	3.681108e-09	7.018196e-06	-1.12881e-04	2.528272e-05	
231	3.701108e-09	-7.03954e-06	-9.47285e-05	-2.52987e-05	
232	3.721108e-09	7.031807e-06	-1.12910e-04	2.527369e-05	
233	3.741108e-09	-7.04657e-06	-9.47142e-05	-2.52804e-05	
234	3.761108e-09	7.043873e-06	-1.12935e-04	2.526208e-05	
235	3.781108e-09	-7.05470e-06	-9.46976e-05	-2.52634e-05	
236	3.801108e-09	7.055016e-06	-1.12958e-04	2.524909e-05	
237	3.821108e-09	-7.06337e-06	-9.46795e-05	-2.52470e-05	
238	3.841108e-09	7.065507e-06	-1.12980e-04	2.523512e-05	
239	3.861108e-09	-7.07252e-06	-9.46607e-05	-2.52310e-05	
240	3.881108e-09	7.075750e-06	-1.13001e-04	2.522055e-05	
241	3.901108e-09	-7.08191e-06	-9.46414e-05	-2.52152e-05	
242	3.921108e-09	7.085771e-06	-1.13022e-04	2.520565e-05	
243	3.941108e-09	-7.09141e-06	-9.46219e-05	-2.51996e-05	
244	3.961108e-09	7.095643e-06	-1.13042e-04	2.519055e-05	
245	3.981108e-09	-7.10096e-06	-9.46022e-05	-2.51841e-05	
246	4.000000e-09	7.105696e-06	-1.13063e-04	2.517489e-05	
247	4.000500e-09	2.982974e-04	2.277874e-04	-1.19329e-03	
248	4.001500e-09	4.738958e-04	2.371969e-04	-1.62694e-03	
249	4.003500e-09	1.683273e-03	9.787352e-05	-3.56111e-03	
250	4.005000e-09	7.267338e-04	7.841635e-05	-2.71426e-03	
251	4.005400e-09	3.197536e-04	-1.78699e-04	-1.24502e-03	
252	4.006200e-09	2.315416e-04	-1.66516e-04	-1.05754e-03	
253	4.007800e-09	1.037052e-04	-1.43389e-04	-8.07915e-04	
254	4.011000e-09	-1.27574e-04	-1.08870e-04	-3.62403e-04	
255	4.017400e-09	-9.24870e-05	-1.63304e-04	-3.49988e-04	
256	4.026089e-09	-2.06643e-04	-2.20569e-04	-6.82447e-05	
257	4.043466e-09	-1.14526e-04	-3.71915e-04	-1.00531e-04	
258	4.063466e-09	-2.18178e-04	-4.03450e-04	1.037276e-04	
259	4.083466e-09	-1.18991e-04	-4.05070e-04	-7.16376e-05	
260	4.103466e-09	-2.21618e-04	-3.50278e-04	9.361587e-05	
261	4.123466e-09	-1.22144e-04	-3.29423e-04	-4.94217e-05	
262	4.143466e-09	-2.25221e-04	-2.56863e-04	1.101608e-04	
263	4.163466e-09	-1.24675e-04	-2.64817e-04	-6.37544e-05	
264	4.183466e-09	-2.26581e-04	-2.17632e-04	1.031640e-04	
265	4.203466e-09	-1.25070e-04	-2.36665e-04	-7.60311e-05	
266	4.223466e-09	-2.26928e-04	-1.99398e-04	9.611158e-05	
267	4.243466e-09	-1.25082e-04	-2.23202e-04	-8.23971e-05	
268	4.263466e-09	-2.27115e-04	-1.90090e-04	9.268293e-05	
269	4.283466e-09	-1.25022e-04	-2.16283e-04	-8.56757e-05	
270	4.303466e-09	-2.27261e-04	-1.85309e-04	9.095193e-05	
271	4.323466e-09	-1.24937e-04	-2.12742e-04	-8.74166e-05	
272	4.343466e-09	-2.27390e-04	-1.82909e-04	9.013913e-05	
273	4.363466e-09	-1.24839e-04	-2.10957e-04	-8.83998e-05	
274	4.383466e-09	-2.27509e-04	-1.81740e-04	8.981168e-05	
275	4.403466e-09	-1.24736e-04	-2.10060e-04	-8.89972e-05	
276	4.423466e-09	-2.27624e-04	-1.81190e-04	8.974403e-05	
277	4.443466e-09	-1.24629e-04	-2.09605e-04	-8.93969e-05	
278	4.463466e-09	-2.27735e-04	-1.80947e-04	8.981222e-05	
279	4.483466e-09	-1.24521e-04	-2.09366e-04	-8.96974e-05	
280	4.503466e-09	-2.27846e-04	-1.80854e-04	8.994948e-05	
281	4.523466e-09	-1.24413e-04	-2.09233e-04	-8.99490e-05	
282	4.543466e-09	-2.27955e-04	-1.80834e-04	9.012123e-05	
283	4.563466e-09	-1.24305e-04	-2.09152e-04	-9.01767e-05	
284	4.583466e-09	-2.28064e-04	-1.80850e-04	9.031002e-05	
285	4.603466e-09	-1.24196e-04	-2.09097e-04	-9.03929e-05	
286	4.623466e-09	-2.28172e-04	-1.80883e-04	9.050709e-05	

Index   time            v.x3.v1#branch  v2#branch       v3#branch       
--------------------------------------------------------------------------------
287	4.643466e-09	-1.24088e-04	-2.09053e-04	-9.06032e-05	
288	4.663466e-09	-2.28280e-04	-1.80924e-04	9.070809e-05	
289	4.683466e-09	-1.23981e-04	-2.09016e-04	-9.08106e-05	
290	4.703466e-09	-2.28388e-04	-1.80970e-04	9.091084e-05	
291	4.723466e-09	-1.23873e-04	-2.08981e-04	-9.10163e-05	
292	4.743466e-09	-2.28495e-04	-1.81018e-04	9.111422e-05	
293	4.763466e-09	-1.23766e-04	-2.08948e-04	-9.12211e-05	
294	4.783466e-09	-2.28602e-04	-1.81066e-04	9.131767e-05	
295	4.803466e-09	-1.23659e-04	-2.08916e-04	-9.14251e-05	
296	4.823466e-09	-2.28709e-04	-1.81115e-04	9.152091e-05	
297	4.843466e-09	-1.23553e-04	-2.08885e-04	-9.16284e-05	
298	4.863466e-09	-2.28815e-04	-1.81164e-04	9.172375e-05	
299	4.883466e-09	-1.23447e-04	-2.08853e-04	-9.18312e-05	
300	4.903466e-09	-2.28921e-04	-1.81213e-04	9.192613e-05	
301	4.923466e-09	-1.23341e-04	-2.08822e-04	-9.20334e-05	
302	4.943466e-09	-2.29027e-04	-1.81262e-04	9.212799e-05	
303	4.963466e-09	-1.23235e-04	-2.08791e-04	-9.22350e-05	
304	4.983466e-09	-2.29132e-04	-1.81310e-04	9.232930e-05	
305	5.003466e-09	-1.23130e-04	-2.08760e-04	-9.24360e-05	
306	5.005000e-09	-2.29863e-04	-1.81591e-04	9.372575e-05	
307	5.005500e-09	-1.76559e-04	-5.77922e-04	2.133144e-03	
308	5.006500e-09	-1.78275e-04	-6.10398e-04	2.644064e-03	
309	5.008500e-09	-1.78101e-04	-6.46973e-04	3.121430e-03	
310	5.010000e-09	-1.79384e-04	-5.92977e-04	3.442878e-03	
311	5.010400e-09	-1.78177e-04	-2.31201e-04	1.577837e-03	
312	5.011200e-09	-1.77525e-04	-1.77919e-04	1.242320e-03	
313	5.012800e-09	-1.76826e-04	-6.72730e-05	1.228938e-03	
314	5.015992e-09	-1.75558e-04	5.259329e-05	7.567257e-04	
315	5.022375e-09	-1.74958e-04	9.400488e-05	3.432761e-04	
316	5.034954e-09	-1.75887e-04	-3.38217e-05	-1.94801e-04	
317	5.049426e-09	-1.76992e-04	-3.92772e-05	1.352816e-05	
318	5.066694e-09	-1.76834e-04	-8.20827e-05	-1.43280e-04	
319	5.086694e-09	-1.76817e-04	-7.08563e-05	3.888706e-05	
320	5.106694e-09	-1.76580e-04	-1.08075e-04	-1.18836e-04	
321	5.126694e-09	-1.76622e-04	-9.24825e-05	5.723313e-05	
322	5.146694e-09	-1.76415e-04	-1.25909e-04	-1.04432e-04	
323	5.166694e-09	-1.76492e-04	-1.07259e-04	6.816388e-05	
324	5.186694e-09	-1.76306e-04	-1.37747e-04	-9.63795e-05	
325	5.206694e-09	-1.76404e-04	-1.16920e-04	7.466725e-05	
326	5.226694e-09	-1.76233e-04	-1.45362e-04	-9.18572e-05	
327	5.246694e-09	-1.76344e-04	-1.23129e-04	7.861234e-05	
328	5.266694e-09	-1.76183e-04	-1.50208e-04	-8.92743e-05	
329	5.286694e-09	-1.76304e-04	-1.27113e-04	8.107434e-05	
330	5.306694e-09	-1.76150e-04	-1.53291e-04	-8.77930e-05	
331	5.326694e-09	-1.76278e-04	-1.29685e-04	8.265693e-05	
332	5.346694e-09	-1.76129e-04	-1.55257e-04	-8.69528e-05	
333	5.366694e-09	-1.76261e-04	-1.31363e-04	8.370699e-05	
334	5.386694e-09	-1.76114e-04	-1.56515e-04	-8.64917e-05	
335	5.406694e-09	-1.76250e-04	-1.32469e-04	8.442810e-05	
336	5.426694e-09	-1.76105e-04	-1.57319e-04	-8.62572e-05	
337	5.446694e-09	-1.76243e-04	-1.33207e-04	8.494187e-05	
338	5.466694e-09	-1.76099e-04	-1.57832e-04	-8.61592e-05	
339	5.486694e-09	-1.76238e-04	-1.33707e-04	8.532217e-05	
340	5.506694e-09	-1.76094e-04	-1.58156e-04	-8.61438e-05	
341	5.526694e-09	-1.76235e-04	-1.34051e-04	8.561480e-05	
342	5.546694e-09	-1.76091e-04	-1.58356e-04	-8.61781e-05	
343	5.566694e-09	-1.76233e-04	-1.34293e-04	8.584851e-05	
344	5.586694e-09	-1.76089e-04	-1.58476e-04	-8.62424e-05	

Index   time            v.x3.v1#branch  v2#branch       v3#branch       
--------------------------------------------------------------------------------
345	5.606694e-09	-1.76232e-04	-1.34468e-04	8.604225e-05	
346	5.626694e-09	-1.76088e-04	-1.58544e-04	-8.63240e-05	
347	5.646694e-09	-1.76231e-04	-1.34598e-04	8.620816e-05	
348	5.666694e-09	-1.76087e-04	-1.58576e-04	-8.64190e-05	
349	5.686694e-09	-1.76231e-04	-1.34699e-04	8.635634e-05	
350	5.706694e-09	-1.76086e-04	-1.58587e-04	-8.65171e-05	
351	5.726694e-09	-1.76230e-04	-1.34779e-04	8.648983e-05	
352	5.746694e-09	-1.76086e-04	-1.58582e-04	-8.66187e-05	
353	5.766694e-09	-1.76230e-04	-1.34846e-04	8.661478e-05	
354	5.786694e-09	-1.76085e-04	-1.58568e-04	-8.67217e-05	
355	5.806694e-09	-1.76230e-04	-1.34905e-04	8.673289e-05	
356	5.826694e-09	-1.76085e-04	-1.58547e-04	-8.68251e-05	
357	5.846694e-09	-1.76230e-04	-1.34958e-04	8.684608e-05	
358	5.866694e-09	-1.76085e-04	-1.58523e-04	-8.69283e-05	
359	5.886694e-09	-1.76230e-04	-1.35006e-04	8.695544e-05	
360	5.906694e-09	-1.76085e-04	-1.58496e-04	-8.70308e-05	
361	5.926694e-09	-1.76231e-04	-1.35052e-04	8.706171e-05	
362	5.946694e-09	-1.76084e-04	-1.58467e-04	-8.71323e-05	
363	5.966694e-09	-1.76231e-04	-1.35096e-04	8.716554e-05	
364	5.986694e-09	-1.76084e-04	-1.58437e-04	-8.72328e-05	
365	6.000000e-09	-1.76231e-04	-1.35147e-04	8.729137e-05	
366	6.000500e-09	-1.75160e-04	1.575942e-04	-1.61631e-03	
367	6.001500e-09	-1.74052e-04	1.673617e-04	-2.02394e-03	
368	6.003500e-09	-1.72416e-04	8.899209e-05	-3.29222e-03	
369	6.005000e-09	-1.71360e-04	1.302123e-05	-3.08381e-03	
370	6.005400e-09	-5.78422e-04	-2.62673e-04	-1.62325e-03	
371	6.006200e-09	-6.70642e-04	-2.41024e-04	-1.39960e-03	
372	6.007800e-09	-8.33765e-04	-2.15268e-04	-1.02532e-03	
373	6.010000e-09	-1.08807e-03	-1.72798e-04	-6.00007e-04	
374	6.010320e-09	-7.15820e-04	-1.52107e-04	-2.25894e-04	
375	6.010960e-09	-6.98846e-04	-1.56962e-04	-1.28255e-04	
376	6.012240e-09	-7.04614e-04	-1.51651e-04	-6.36065e-05	
377	6.014800e-09	-6.60480e-04	-1.44142e-04	5.999275e-05	
378	6.019920e-09	-4.61515e-04	-1.49610e-04	7.065990e-05	
379	6.030160e-09	-9.89529e-05	-1.76949e-04	-1.02272e-04	
380	6.045461e-09	-2.35611e-05	-2.33085e-04	-4.57594e-05	
381	6.062468e-09	9.747785e-06	-2.52801e-04	-4.38250e-05	
382	6.082468e-09	-1.16727e-05	-2.19354e-04	-1.69966e-05	
383	6.102468e-09	1.269632e-05	-2.16251e-04	-1.87847e-05	
384	6.122468e-09	-8.25151e-06	-1.95057e-04	9.854892e-06	
385	6.142468e-09	1.599718e-05	-1.80598e-04	-5.92205e-06	
386	6.162468e-09	-9.54105e-06	-1.59979e-04	1.441425e-05	
387	6.182468e-09	1.530060e-05	-1.59986e-04	-5.67298e-06	
388	6.202468e-09	-1.11677e-05	-1.51359e-04	1.216513e-05	
389	6.222468e-09	1.483111e-05	-1.55896e-04	-6.45708e-06	
390	6.242468e-09	-1.21351e-05	-1.48853e-04	1.067058e-05	
391	6.262468e-09	1.452401e-05	-1.54040e-04	-6.96313e-06	
392	6.282468e-09	-1.27648e-05	-1.47436e-04	9.691248e-06	
393	6.302468e-09	1.433595e-05	-1.52894e-04	-7.27100e-06	
394	6.322468e-09	-1.31856e-05	-1.46534e-04	9.048782e-06	
395	6.342468e-09	1.422677e-05	-1.52154e-04	-7.45941e-06	
396	6.362468e-09	-1.34750e-05	-1.45949e-04	8.623884e-06	
397	6.382468e-09	1.416892e-05	-1.51670e-04	-7.57602e-06	
398	6.402468e-09	-1.36801e-05	-1.45567e-04	8.339885e-06	
399	6.422468e-09	1.414580e-05	-1.51351e-04	-7.64725e-06	
400	6.442468e-09	-1.38304e-05	-1.45318e-04	8.148785e-06	
401	6.462468e-09	1.414552e-05	-1.51141e-04	-7.69027e-06	
402	6.482468e-09	-1.39448e-05	-1.45154e-04	8.019207e-06	

Index   time            v.x3.v1#branch  v2#branch       v3#branch       
--------------------------------------------------------------------------------
403	6.502468e-09	1.416030e-05	-1.51001e-04	-7.71545e-06	
404	6.522468e-09	-1.40355e-05	-1.45048e-04	7.930608e-06	
405	6.542468e-09	1.418489e-05	-1.50907e-04	-7.72937e-06	
406	6.562468e-09	-1.41104e-05	-1.44980e-04	7.869301e-06	
407	6.582468e-09	1.421801e-05	-1.50845e-04	-7.73638e-06	
408	6.602468e-09	-1.41789e-05	-1.44935e-04	7.827144e-06	
409	6.622468e-09	1.426301e-05	-1.50804e-04	-7.74046e-06	
410	6.642468e-09	-1.42476e-05	-1.44907e-04	7.799195e-06	
411	6.662468e-09	1.431143e-05	-1.50776e-04	-7.74243e-06	
412	6.682468e-09	-1.43114e-05	-1.44890e-04	7.779269e-06	
413	6.702468e-09	1.436302e-05	-1.50756e-04	-7.74257e-06	
414	6.722468e-09	-1.43734e-05	-1.44881e-04	7.765059e-06	
415	6.742468e-09	1.441706e-05	-1.50743e-04	-7.74175e-06	
416	6.762468e-09	-1.44343e-05	-1.44876e-04	7.754739e-06	
417	6.782468e-09	1.447272e-05	-1.50734e-04	-7.74033e-06	
418	6.802468e-09	-1.44946e-05	-1.44874e-04	7.747007e-06	
419	6.822468e-09	1.452942e-05	-1.50728e-04	-7.73851e-06	
420	6.842468e-09	-1.45543e-05	-1.44875e-04	7.740993e-06	
421	6.862468e-09	1.458674e-05	-1.50723e-04	-7.73641e-06	
422	6.882468e-09	-1.46136e-05	-1.44877e-04	7.736117e-06	
423	6.902468e-09	1.464443e-05	-1.50719e-04	-7.73414e-06	
424	6.922468e-09	-1.46726e-05	-1.44880e-04	7.731994e-06	
425	6.942468e-09	1.470229e-05	-1.50716e-04	-7.73175e-06	
426	6.962468e-09	-1.47313e-05	-1.44883e-04	7.728370e-06	
427	6.982468e-09	1.476022e-05	-1.50714e-04	-7.72927e-06	
428	7.002468e-09	-1.47897e-05	-1.44887e-04	7.725074e-06	
429	7.005000e-09	1.501243e-05	-1.50701e-04	-7.71589e-06	
430	7.005500e-09	-3.24270e-05	-5.42121e-04	2.202510e-03	
431	7.006500e-09	-7.88407e-05	-5.88937e-04	2.732596e-03	
432	7.008500e-09	-1.36209e-04	-6.43104e-04	3.143913e-03	
433	7.010000e-09	-1.58177e-04	-6.12944e-04	3.437463e-03	
434	7.010400e-09	-1.27682e-04	-2.54632e-04	1.557486e-03	
435	7.011200e-09	-9.32130e-05	-1.78312e-04	1.349927e-03	
436	7.012800e-09	-3.05804e-05	-6.59447e-05	1.179892e-03	
437	7.016000e-09	2.043037e-05	1.040513e-04	7.621774e-04	
438	7.022400e-09	9.201183e-05	1.133166e-04	2.425583e-04	
439	7.031289e-09	1.328216e-05	3.038320e-05	-2.21791e-05	
440	7.044435e-09	-1.35008e-05	-3.10981e-05	-4.06729e-05	
441	7.061042e-09	-2.55963e-05	-3.27203e-05	-6.32992e-05	
442	7.081042e-09	-9.50745e-06	-6.73594e-05	-1.00655e-05	
443	7.101042e-09	-1.96122e-05	-6.10021e-05	-4.67342e-05	
444	7.121042e-09	-4.29043e-06	-8.66022e-05	5.859554e-06	
445	7.141042e-09	-1.53583e-05	-7.52661e-05	-3.69311e-05	
446	7.161042e-09	-1.02275e-07	-9.73532e-05	1.411049e-05	
447	7.181042e-09	-1.21464e-05	-8.33698e-05	-3.19300e-05	
448	7.201042e-09	2.621825e-06	-1.03590e-04	1.855703e-05	
449	7.221042e-09	-1.00860e-05	-8.81044e-05	-2.91232e-05	
450	7.241042e-09	4.317793e-06	-1.07291e-04	2.116778e-05	
451	7.261042e-09	-8.82705e-06	-9.09130e-05	-2.74746e-05	
452	7.281042e-09	5.352741e-06	-1.09507e-04	2.272265e-05	
453	7.301042e-09	-8.06778e-06	-9.25827e-05	-2.64961e-05	
454	7.321042e-09	5.981607e-06	-1.10841e-04	2.365157e-05	
455	7.341042e-09	-7.61448e-06	-9.35740e-05	-2.59110e-05	
456	7.361042e-09	6.364384e-06	-1.11648e-04	2.420556e-05	
457	7.381042e-09	-7.34622e-06	-9.41597e-05	-2.55584e-05	
458	7.401042e-09	6.597884e-06	-1.12141e-04	2.453496e-05	
459	7.421042e-09	-7.18924e-06	-9.45023e-05	-2.53441e-05	
460	7.441042e-09	6.742592e-06	-1.12444e-04	2.472847e-05	

Index   time            v.x3.v1#branch  v2#branch       v3#branch       
--------------------------------------------------------------------------------
461	7.461042e-09	-7.09922e-06	-9.46995e-05	-2.52115e-05	
462	7.481042e-09	6.833319e-06	-1.12634e-04	2.484001e-05	
463	7.501042e-09	-7.04880e-06	-9.48100e-05	-2.51279e-05	
464	7.521042e-09	6.891653e-06	-1.12756e-04	2.490195e-05	
465	7.541042e-09	-7.02328e-06	-9.48672e-05	-2.50724e-05	
466	7.561042e-09	6.930936e-06	-1.12838e-04	2.493375e-05	
467	7.581042e-09	-7.01195e-06	-9.48936e-05	-2.50332e-05	
468	7.601042e-09	6.958526e-06	-1.12895e-04	2.494684e-05	
469	7.621042e-09	-7.00917e-06	-9.49014e-05	-2.50039e-05	
470	7.641042e-09	6.979103e-06	-1.12937e-04	2.494876e-05	
471	7.661042e-09	-7.01143e-06	-9.48980e-05	-2.49798e-05	
472	7.681042e-09	6.995356e-06	-1.12970e-04	2.494333e-05	
473	7.701042e-09	-7.01671e-06	-9.48879e-05	-2.49589e-05	
474	7.721042e-09	7.009036e-06	-1.12998e-04	2.493368e-05	
475	7.741042e-09	-7.02381e-06	-9.48737e-05	-2.49400e-05	
476	7.761042e-09	7.021168e-06	-1.13023e-04	2.492150e-05	
477	7.781042e-09	-7.03200e-06	-9.48573e-05	-2.49224e-05	
478	7.801042e-09	7.032373e-06	-1.13046e-04	2.490789e-05	
479	7.821042e-09	-7.04083e-06	-9.48394e-05	-2.49055e-05	
480	7.841042e-09	7.043011e-06	-1.13068e-04	2.489344e-05	
481	7.861042e-09	-7.04999e-06	-9.48208e-05	-2.48891e-05	
482	7.881042e-09	7.053253e-06	-1.13089e-04	2.487850e-05	
483	7.901042e-09	-7.05943e-06	-9.48017e-05	-2.48730e-05	
484	7.921042e-09	7.063334e-06	-1.13109e-04	2.486324e-05	
485	7.941042e-09	-7.06899e-06	-9.47823e-05	-2.48570e-05	
486	7.961042e-09	7.073267e-06	-1.13129e-04	2.484777e-05	
487	7.981042e-09	-7.07860e-06	-9.47628e-05	-2.48411e-05	
488	8.000000e-09	7.083369e-06	-1.13150e-04	2.483177e-05	
489	8.000500e-09	2.982973e-04	2.276621e-04	-1.19328e-03	
490	8.001500e-09	4.738939e-04	2.370745e-04	-1.62694e-03	
491	8.003500e-09	1.683567e-03	9.774116e-05	-3.56132e-03	
492	8.005000e-09	7.272464e-04	7.850459e-05	-2.71464e-03	
493	8.005400e-09	3.197856e-04	-1.78894e-04	-1.24528e-03	
494	8.006200e-09	2.315853e-04	-1.66754e-04	-1.05797e-03	
495	8.007800e-09	1.037874e-04	-1.43528e-04	-8.08320e-04	
496	8.011000e-09	-1.27416e-04	-1.09130e-04	-3.62582e-04	
497	8.017400e-09	-9.25692e-05	-1.63598e-04	-3.50035e-04	
498	8.026094e-09	-2.06551e-04	-2.21167e-04	-6.78895e-05	
499	8.043482e-09	-1.14630e-04	-3.72282e-04	-1.00562e-04	
500	8.063482e-09	-2.18088e-04	-4.04035e-04	1.040939e-04	
501	8.083482e-09	-1.19090e-04	-4.05523e-04	-7.16399e-05	
502	8.103482e-09	-2.21525e-04	-3.50961e-04	9.359323e-05	
503	8.123482e-09	-1.22236e-04	-3.29961e-04	-4.94604e-05	
504	8.143482e-09	-2.25121e-04	-2.57345e-04	1.101394e-04	
505	8.163482e-09	-1.24770e-04	-2.65172e-04	-6.37020e-05	
506	8.183482e-09	-2.26484e-04	-2.18106e-04	1.031267e-04	
507	8.203482e-09	-1.25166e-04	-2.37019e-04	-7.59655e-05	
508	8.223482e-09	-2.26831e-04	-1.99874e-04	9.606330e-05	
509	8.243482e-09	-1.25179e-04	-2.23557e-04	-8.23362e-05	
510	8.263482e-09	-2.27018e-04	-1.90564e-04	9.263250e-05	
511	8.283482e-09	-1.25119e-04	-2.16635e-04	-8.56191e-05	
512	8.303482e-09	-2.27165e-04	-1.85780e-04	9.090014e-05	
513	8.323482e-09	-1.25034e-04	-2.13092e-04	-8.73636e-05	
514	8.343482e-09	-2.27293e-04	-1.83377e-04	9.008784e-05	
515	8.363482e-09	-1.24937e-04	-2.11304e-04	-8.83485e-05	
516	8.383482e-09	-2.27412e-04	-1.82205e-04	8.976170e-05	
517	8.403482e-09	-1.24833e-04	-2.10406e-04	-8.89471e-05	
518	8.423482e-09	-2.27526e-04	-1.81654e-04	8.969519e-05	

Index   time            v.x3.v1#branch  v2#branch       v3#branch       
--------------------------------------------------------------------------------
519	8.443482e-09	-1.24727e-04	-2.09949e-04	-8.93479e-05	
520	8.463482e-09	-2.27638e-04	-1.81410e-04	8.976426e-05	
521	8.483482e-09	-1.24619e-04	-2.09710e-04	-8.96493e-05	
522	8.503482e-09	-2.27748e-04	-1.81316e-04	8.990224e-05	
523	8.523482e-09	-1.24511e-04	-2.09577e-04	-8.99018e-05	
524	8.543482e-09	-2.27857e-04	-1.81295e-04	9.007463e-05	
525	8.563482e-09	-1.24403e-04	-2.09496e-04	-9.01302e-05	
526	8.583482e-09	-2.27966e-04	-1.81311e-04	9.026398e-05	
527	8.603482e-09	-1.24294e-04	-2.09440e-04	-9.03470e-05	
528	8.623482e-09	-2.28074e-04	-1.81344e-04	9.046157e-05	
529	8.643482e-09	-1.24187e-04	-2.09396e-04	-9.05579e-05	
530	8.663482e-09	-2.28182e-04	-1.81385e-04	9.066306e-05	
531	8.683482e-09	-1.24079e-04	-2.09359e-04	-9.07657e-05	
532	8.703482e-09	-2.28289e-04	-1.81431e-04	9.086626e-05	
533	8.723482e-09	-1.23972e-04	-2.09324e-04	-9.09720e-05	
534	8.743482e-09	-2.28396e-04	-1.81478e-04	9.107007e-05	
535	8.763482e-09	-1.23865e-04	-2.09292e-04	-9.11771e-05	
536	8.783482e-09	-2.28503e-04	-1.81527e-04	9.127394e-05	
537	8.803482e-09	-1.23758e-04	-2.09260e-04	-9.13815e-05	
538	8.823482e-09	-2.28609e-04	-1.81575e-04	9.147757e-05	
539	8.843482e-09	-1.23652e-04	-2.09228e-04	-9.15853e-05	
540	8.863482e-09	-2.28716e-04	-1.81624e-04	9.168081e-05	
541	8.883482e-09	-1.23546e-04	-2.09197e-04	-9.17884e-05	
542	8.903482e-09	-2.28821e-04	-1.81673e-04	9.188357e-05	
543	8.923482e-09	-1.23440e-04	-2.09166e-04	-9.19910e-05	
544	8.943482e-09	-2.28927e-04	-1.81722e-04	9.208580e-05	
545	8.963482e-09	-1.23335e-04	-2.09135e-04	-9.21930e-05	
546	8.983482e-09	-2.29032e-04	-1.81770e-04	9.228748e-05	
547	9.003482e-09	-1.23230e-04	-2.09104e-04	-9.23944e-05	
548	9.005000e-09	-2.29769e-04	-1.82053e-04	9.370011e-05	
549	9.005500e-09	-1.76559e-04	-5.78302e-04	2.132883e-03	
550	9.006500e-09	-1.78274e-04	-6.10769e-04	2.643969e-03	
551	9.008500e-09	-1.78102e-04	-6.47269e-04	3.121384e-03	
552	9.010000e-09	-1.79383e-04	-5.93356e-04	3.442628e-03	
553	9.010400e-09	-1.78177e-04	-2.31578e-04	1.577785e-03	
554	9.011200e-09	-1.77525e-04	-1.78373e-04	1.242011e-03	
555	9.012800e-09	-1.76826e-04	-6.75737e-05	1.229525e-03	
556	9.015983e-09	-1.75560e-04	5.197112e-05	7.571236e-04	
557	9.022348e-09	-1.74959e-04	9.412892e-05	3.453633e-04	
558	9.034929e-09	-1.75885e-04	-3.39323e-05	-1.95462e-04	
559	9.049392e-09	-1.76992e-04	-3.92420e-05	1.395560e-05	
560	9.066660e-09	-1.76835e-04	-8.23281e-05	-1.43817e-04	
561	9.086660e-09	-1.76819e-04	-7.09220e-05	3.929523e-05	
562	9.106660e-09	-1.76581e-04	-1.08421e-04	-1.19324e-04	
563	9.126660e-09	-1.76623e-04	-9.26288e-05	5.765692e-05	
564	9.146660e-09	-1.76416e-04	-1.26313e-04	-1.04911e-04	
565	9.166660e-09	-1.76493e-04	-1.07444e-04	6.859690e-05	
566	9.186660e-09	-1.76307e-04	-1.38179e-04	-9.68498e-05	
567	9.206660e-09	-1.76405e-04	-1.17126e-04	7.510836e-05	
568	9.226660e-09	-1.76233e-04	-1.45809e-04	-9.23227e-05	
569	9.246660e-09	-1.76345e-04	-1.23346e-04	7.905933e-05	
570	9.266660e-09	-1.76183e-04	-1.50664e-04	-8.97376e-05	
571	9.286660e-09	-1.76305e-04	-1.27337e-04	8.152540e-05	
572	9.306660e-09	-1.76150e-04	-1.53753e-04	-8.82560e-05	
573	9.326660e-09	-1.76279e-04	-1.29915e-04	8.311096e-05	
574	9.346660e-09	-1.76129e-04	-1.55724e-04	-8.74164e-05	
575	9.366660e-09	-1.76262e-04	-1.31597e-04	8.416341e-05	
576	9.386660e-09	-1.76114e-04	-1.56985e-04	-8.69564e-05	

Index   time            v.x3.v1#branch  v2#branch       v3#branch       
--------------------------------------------------------------------------------
577	9.406660e-09	-1.76250e-04	-1.32707e-04	8.488674e-05	
578	9.426660e-09	-1.76105e-04	-1.57793e-04	-8.67231e-05	
579	9.446660e-09	-1.76243e-04	-1.33448e-04	8.540267e-05	
580	9.466660e-09	-1.76098e-04	-1.58309e-04	-8.66265e-05	
581	9.486660e-09	-1.76238e-04	-1.33951e-04	8.578517e-05	
582	9.506660e-09	-1.76094e-04	-1.58635e-04	-8.66125e-05	
583	9.526660e-09	-1.76235e-04	-1.34298e-04	8.608000e-05	
584	9.546660e-09	-1.76091e-04	-1.58838e-04	-8.66505e-05	
585	9.566660e-09	-1.76233e-04	-1.34542e-04	8.631496e-05	
586	9.586660e-09	-1.76089e-04	-1.58959e-04	-8.67142e-05	
587	9.606660e-09	-1.76232e-04	-1.34718e-04	8.651172e-05	
588	9.626660e-09	-1.76088e-04	-1.59028e-04	-8.67972e-05	
589	9.646660e-09	-1.76231e-04	-1.34849e-04	8.667985e-05	
590	9.666660e-09	-1.76087e-04	-1.59062e-04	-8.68937e-05	
591	9.686660e-09	-1.76231e-04	-1.34951e-04	8.683008e-05	
592	9.706660e-09	-1.76086e-04	-1.59072e-04	-8.69933e-05	
593	9.726660e-09	-1.76231e-04	-1.35032e-04	8.696543e-05	
594	9.746660e-09	-1.76086e-04	-1.59068e-04	-8.70962e-05	
595	9.766660e-09	-1.76231e-04	-1.35100e-04	8.709217e-05	
596	9.786660e-09	-1.76085e-04	-1.59055e-04	-8.72007e-05	
597	9.806660e-09	-1.76231e-04	-1.35159e-04	8.721204e-05	
598	9.826660e-09	-1.76085e-04	-1.59034e-04	-8.73057e-05	
599	9.846660e-09	-1.76231e-04	-1.35212e-04	8.732698e-05	
600	9.866660e-09	-1.76085e-04	-1.59010e-04	-8.74105e-05	
601	9.886660e-09	-1.76231e-04	-1.35261e-04	8.743806e-05	
602	9.906660e-09	-1.76084e-04	-1.58983e-04	-8.75146e-05	
603	9.926660e-09	-1.76231e-04	-1.35307e-04	8.754604e-05	
604	9.946660e-09	-1.76084e-04	-1.58954e-04	-8.76177e-05	
605	9.966660e-09	-1.76231e-04	-1.35351e-04	8.765154e-05	
606	9.986660e-09	-1.76084e-04	-1.58925e-04	-8.77198e-05	
607	1.000000e-08	-1.76231e-04	-1.35401e-04	8.777926e-05	

                   * /home/pramod/esim-workspace/s21/s21.cir
                   Transient Analysis  Thu Aug 20 10:50:43  2020
--------------------------------------------------------------------------------
Index   time            v4#branch       
--------------------------------------------------------------------------------
0	0.000000e+00	0.000000e+00	
1	5.000000e-14	-3.59890e-04	
2	1.000000e-13	-3.94155e-04	
3	2.000000e-13	-4.15948e-04	
4	4.000000e-13	-4.47124e-04	
5	8.000000e-13	-5.15706e-04	
6	1.600000e-12	-7.01974e-04	
7	3.200000e-12	-1.72691e-03	
8	5.000000e-12	-1.17881e-03	
9	5.320000e-12	-5.90449e-04	
10	5.960000e-12	-5.10645e-04	
11	7.240000e-12	-4.11859e-04	
12	9.800000e-12	-2.00360e-04	
13	1.492000e-11	-1.31832e-04	
14	2.502417e-11	-5.15065e-05	
15	3.911374e-11	-3.55873e-05	
16	5.911374e-11	3.954675e-05	
17	7.911374e-11	3.966781e-05	
18	9.911374e-11	7.089840e-05	
19	1.191137e-10	1.777682e-06	
20	1.391137e-10	1.761793e-05	
21	1.591137e-10	-3.06836e-06	
22	1.791137e-10	1.727692e-05	
23	1.991137e-10	-6.37802e-06	
24	2.191137e-10	1.407937e-05	
25	2.391137e-10	-8.31686e-06	
26	2.591137e-10	1.240727e-05	
27	2.791137e-10	-9.45851e-06	
28	2.991137e-10	1.154598e-05	
29	3.191137e-10	-1.00810e-05	
30	3.391137e-10	1.112544e-05	
31	3.591137e-10	-1.04153e-05	
32	3.791137e-10	1.093485e-05	
33	3.991137e-10	-1.05988e-05	
34	4.191137e-10	1.085934e-05	
35	4.391137e-10	-1.07067e-05	
36	4.591137e-10	1.084046e-05	
37	4.791137e-10	-1.07774e-05	
38	4.991137e-10	1.084926e-05	
39	5.191137e-10	-1.08299e-05	
40	5.391137e-10	1.087157e-05	
41	5.591137e-10	-1.08734e-05	
42	5.791137e-10	1.090047e-05	
43	5.991137e-10	-1.09127e-05	
44	6.191137e-10	1.093257e-05	
45	6.391137e-10	-1.09498e-05	
46	6.591137e-10	1.096622e-05	
47	6.791137e-10	-1.09859e-05	
48	6.991137e-10	1.100059e-05	
49	7.191137e-10	-1.10214e-05	
50	7.391137e-10	1.103529e-05	
51	7.591137e-10	-1.10567e-05	
52	7.791137e-10	1.107012e-05	
53	7.991137e-10	-1.10918e-05	
54	8.191137e-10	1.110497e-05	

Index   time            v4#branch       
--------------------------------------------------------------------------------
55	8.391137e-10	-1.11267e-05	
56	8.591137e-10	1.113978e-05	
57	8.791137e-10	-1.11615e-05	
58	8.991137e-10	1.117454e-05	
59	9.191137e-10	-1.11963e-05	
60	9.391137e-10	1.120922e-05	
61	9.591137e-10	-1.12310e-05	
62	9.791137e-10	1.124383e-05	
63	9.991137e-10	-1.12655e-05	
64	1.005000e-09	1.131960e-05	
65	1.005500e-09	-4.13411e-04	
66	1.006500e-09	-3.90021e-04	
67	1.008500e-09	-2.73708e-04	
68	1.010000e-09	-2.63612e-04	
69	1.010400e-09	1.570063e-04	
70	1.011200e-09	2.946158e-04	
71	1.012800e-09	1.220767e-04	
72	1.016000e-09	2.244554e-04	
73	1.022400e-09	-3.29636e-05	
74	1.034977e-09	7.664492e-06	
75	1.049458e-09	-1.03022e-04	
76	1.066724e-09	4.738114e-05	
77	1.086724e-09	-8.63635e-05	
78	1.106724e-09	5.788388e-05	
79	1.126724e-09	-8.03153e-05	
80	1.146724e-09	6.212598e-05	
81	1.166724e-09	-7.71108e-05	
82	1.186724e-09	6.510526e-05	
83	1.206724e-09	-7.51052e-05	
84	1.226724e-09	6.713480e-05	
85	1.246724e-09	-7.38469e-05	
86	1.266724e-09	6.852883e-05	
87	1.286724e-09	-7.30561e-05	
88	1.306724e-09	6.950309e-05	
89	1.326724e-09	-7.25635e-05	
90	1.346724e-09	7.019439e-05	
91	1.366724e-09	-7.22646e-05	
92	1.386724e-09	7.069141e-05	
93	1.406724e-09	-7.20925e-05	
94	1.426724e-09	7.105340e-05	
95	1.446724e-09	-7.20031e-05	
96	1.466724e-09	7.132099e-05	
97	1.486724e-09	-7.19669e-05	
98	1.506724e-09	7.152232e-05	
99	1.526724e-09	-7.19643e-05	
100	1.546724e-09	7.167712e-05	
101	1.566724e-09	-7.19825e-05	
102	1.586724e-09	7.179869e-05	
103	1.606724e-09	-7.20122e-05	
104	1.626724e-09	7.189652e-05	
105	1.646724e-09	-7.20486e-05	
106	1.666724e-09	7.197717e-05	
107	1.686724e-09	-7.20877e-05	
108	1.706724e-09	7.204540e-05	
109	1.726724e-09	-7.21281e-05	
110	1.746724e-09	7.210444e-05	
111	1.766724e-09	-7.21683e-05	
112	1.786724e-09	7.215657e-05	

Index   time            v4#branch       
--------------------------------------------------------------------------------
113	1.806724e-09	-7.22077e-05	
114	1.826724e-09	7.220342e-05	
115	1.846724e-09	-7.22458e-05	
116	1.866724e-09	7.224616e-05	
117	1.886724e-09	-7.22824e-05	
118	1.906724e-09	7.228569e-05	
119	1.926724e-09	-7.23177e-05	
120	1.946724e-09	7.232264e-05	
121	1.966724e-09	-7.23517e-05	
122	1.986724e-09	7.235750e-05	
123	2.000000e-09	-7.23926e-05	
124	2.000500e-09	3.831385e-04	
125	2.001500e-09	3.960472e-04	
126	2.003500e-09	2.696967e-04	
127	2.005000e-09	2.940828e-04	
128	2.005400e-09	9.892501e-04	
129	2.006200e-09	1.120057e-03	
130	2.007800e-09	1.318512e-03	
131	2.010000e-09	1.563019e-03	
132	2.010320e-09	5.498572e-04	
133	2.010960e-09	4.540435e-04	
134	2.012240e-09	4.305190e-04	
135	2.014800e-09	2.779629e-04	
136	2.019920e-09	1.135467e-04	
137	2.030160e-09	-2.59193e-05	
138	2.045398e-09	-3.36473e-05	
139	2.062397e-09	-1.35756e-05	
140	2.082397e-09	-2.28740e-06	
141	2.102397e-09	7.354755e-07	
142	2.122397e-09	8.285974e-06	
143	2.142397e-09	-1.05397e-07	
144	2.162397e-09	9.233460e-06	
145	2.182397e-09	-2.57723e-06	
146	2.202397e-09	9.213241e-06	
147	2.222397e-09	-4.52780e-06	
148	2.242397e-09	8.985131e-06	
149	2.262397e-09	-5.87742e-06	
150	2.282397e-09	8.830375e-06	
151	2.302397e-09	-6.77644e-06	
152	2.322397e-09	8.742462e-06	
153	2.342397e-09	-7.38755e-06	
154	2.362397e-09	8.699523e-06	
155	2.382397e-09	-7.80827e-06	
156	2.402397e-09	8.686040e-06	
157	2.422397e-09	-8.10241e-06	
158	2.442397e-09	8.691540e-06	
159	2.462397e-09	-8.31204e-06	
160	2.482397e-09	8.709129e-06	
161	2.502397e-09	-8.46859e-06	
162	2.522397e-09	8.737646e-06	
163	2.542397e-09	-8.58464e-06	
164	2.562397e-09	8.767771e-06	
165	2.582397e-09	-8.67508e-06	
166	2.602397e-09	8.802489e-06	
167	2.622397e-09	-8.75065e-06	
168	2.642397e-09	8.841408e-06	
169	2.662397e-09	-8.81690e-06	
170	2.682397e-09	8.883313e-06	

Index   time            v4#branch       
--------------------------------------------------------------------------------
171	2.702397e-09	-8.87699e-06	
172	2.722397e-09	8.927206e-06	
173	2.742397e-09	-8.93296e-06	
174	2.762397e-09	8.972385e-06	
175	2.782397e-09	-8.98615e-06	
176	2.802397e-09	9.018376e-06	
177	2.822397e-09	-9.03745e-06	
178	2.842397e-09	9.064862e-06	
179	2.862397e-09	-9.08744e-06	
180	2.882397e-09	9.111631e-06	
181	2.902397e-09	-9.13651e-06	
182	2.922397e-09	9.158542e-06	
183	2.942397e-09	-9.18493e-06	
184	2.962397e-09	9.205500e-06	
185	2.982397e-09	-9.23287e-06	
186	3.002397e-09	9.252442e-06	
187	3.005000e-09	-9.43380e-06	
188	3.005500e-09	-4.57402e-04	
189	3.006500e-09	-4.39070e-04	
190	3.008500e-09	-2.63379e-04	
191	3.010000e-09	-2.18288e-04	
192	3.010400e-09	2.114184e-04	
193	3.011200e-09	2.228848e-04	
194	3.012800e-09	2.075851e-04	
195	3.016000e-09	1.633272e-04	
196	3.022400e-09	2.673162e-05	
197	3.031325e-09	-3.08722e-05	
198	3.044505e-09	-9.43589e-06	
199	3.061108e-09	-1.96376e-05	
200	3.081108e-09	-9.52855e-06	
201	3.101108e-09	-1.29323e-05	
202	3.121108e-09	-5.36571e-06	
203	3.141108e-09	-7.81656e-06	
204	3.161108e-09	-2.97026e-06	
205	3.181108e-09	-4.96236e-06	
206	3.201108e-09	-1.49492e-06	
207	3.221108e-09	-3.25347e-06	
208	3.241108e-09	-6.18891e-07	
209	3.261108e-09	-2.21835e-06	
210	3.281108e-09	-1.07678e-07	
211	3.301108e-09	-1.58424e-06	
212	3.321108e-09	1.843217e-07	
213	3.341108e-09	-1.19304e-06	
214	3.361108e-09	3.482984e-07	
215	3.381108e-09	-9.47647e-07	
216	3.401108e-09	4.364026e-07	
217	3.421108e-09	-7.90698e-07	
218	3.441108e-09	4.786846e-07	
219	3.461108e-09	-6.86437e-07	
220	3.481108e-09	4.948585e-07	
221	3.501108e-09	-6.14223e-07	
222	3.521108e-09	4.944038e-07	
223	3.541108e-09	-5.61473e-07	
224	3.561108e-09	4.852039e-07	
225	3.581108e-09	-5.21029e-07	
226	3.601108e-09	4.709394e-07	
227	3.621108e-09	-4.88130e-07	
228	3.641108e-09	4.538177e-07	

Index   time            v4#branch       
--------------------------------------------------------------------------------
229	3.661108e-09	-4.59853e-07	
230	3.681108e-09	4.349955e-07	
231	3.701108e-09	-4.34335e-07	
232	3.721108e-09	4.151535e-07	
233	3.741108e-09	-4.10479e-07	
234	3.761108e-09	3.947109e-07	
235	3.781108e-09	-3.87653e-07	
236	3.801108e-09	3.739523e-07	
237	3.821108e-09	-3.65500e-07	
238	3.841108e-09	3.530321e-07	
239	3.861108e-09	-3.43693e-07	
240	3.881108e-09	3.319802e-07	
241	3.901108e-09	-3.22147e-07	
242	3.921108e-09	3.109105e-07	
243	3.941108e-09	-3.00798e-07	
244	3.961108e-09	2.898619e-07	
245	3.981108e-09	-2.79598e-07	
246	4.000000e-09	2.682432e-07	
247	4.000500e-09	-4.67872e-04	
248	4.001500e-09	-6.44872e-04	
249	4.003500e-09	-1.76793e-03	
250	4.005000e-09	-1.16231e-03	
251	4.005400e-09	-5.77668e-04	
252	4.006200e-09	-4.91003e-04	
253	4.007800e-09	-3.70112e-04	
254	4.011000e-09	-1.38538e-04	
255	4.017400e-09	-1.41236e-04	
256	4.026089e-09	-1.79915e-05	
257	4.043466e-09	-5.62520e-05	
258	4.063466e-09	8.201529e-05	
259	4.083466e-09	7.848672e-06	
260	4.103466e-09	9.568138e-05	
261	4.123466e-09	-3.23893e-05	
262	4.143466e-09	4.711070e-05	
263	4.163466e-09	-3.14441e-05	
264	4.183466e-09	4.468706e-05	
265	4.203466e-09	-3.44014e-05	
266	4.223466e-09	4.160966e-05	
267	4.243466e-09	-3.62506e-05	
268	4.263466e-09	4.010308e-05	
269	4.283466e-09	-3.74024e-05	
270	4.303466e-09	3.939728e-05	
271	4.323466e-09	-3.80879e-05	
272	4.343466e-09	3.911323e-05	
273	4.363466e-09	-3.85068e-05	
274	4.383466e-09	3.904355e-05	
275	4.403466e-09	-3.87842e-05	
276	4.423466e-09	3.907899e-05	
277	4.443466e-09	-3.89892e-05	
278	4.463466e-09	3.916495e-05	
279	4.483466e-09	-3.91575e-05	
280	4.503466e-09	3.927479e-05	
281	4.523466e-09	-3.93072e-05	
282	4.543466e-09	3.939567e-05	
283	4.563466e-09	-3.94472e-05	
284	4.583466e-09	3.952144e-05	
285	4.603466e-09	-3.95821e-05	
286	4.623466e-09	3.964919e-05	

Index   time            v4#branch       
--------------------------------------------------------------------------------
287	4.643466e-09	-3.97141e-05	
288	4.663466e-09	3.977757e-05	
289	4.683466e-09	-3.98444e-05	
290	4.703466e-09	3.990596e-05	
291	4.723466e-09	-3.99736e-05	
292	4.743466e-09	4.003409e-05	
293	4.763466e-09	-4.01020e-05	
294	4.783466e-09	4.016185e-05	
295	4.803466e-09	-4.02298e-05	
296	4.823466e-09	4.028921e-05	
297	4.843466e-09	-4.03571e-05	
298	4.863466e-09	4.041615e-05	
299	4.883466e-09	-4.04839e-05	
300	4.903466e-09	4.054269e-05	
301	4.923466e-09	-4.06102e-05	
302	4.943466e-09	4.066883e-05	
303	4.963466e-09	-4.07362e-05	
304	4.983466e-09	4.079459e-05	
305	5.003466e-09	-4.08618e-05	
306	5.005000e-09	4.166711e-05	
307	5.005500e-09	-4.13666e-04	
308	5.006500e-09	-3.89574e-04	
309	5.008500e-09	-2.74216e-04	
310	5.010000e-09	-2.62893e-04	
311	5.010400e-09	1.570708e-04	
312	5.011200e-09	2.950301e-04	
313	5.012800e-09	1.214547e-04	
314	5.015992e-09	2.250059e-04	
315	5.022375e-09	-3.31257e-05	
316	5.034954e-09	8.122192e-06	
317	5.049426e-09	-1.03592e-04	
318	5.066694e-09	4.781478e-05	
319	5.086694e-09	-8.68379e-05	
320	5.106694e-09	5.832022e-05	
321	5.126694e-09	-8.08123e-05	
322	5.146694e-09	6.256283e-05	
323	5.166694e-09	-7.76006e-05	
324	5.186694e-09	6.554483e-05	
325	5.206694e-09	-7.55919e-05	
326	5.226694e-09	6.757633e-05	
327	5.246694e-09	-7.43313e-05	
328	5.266694e-09	6.897248e-05	
329	5.286694e-09	-7.35379e-05	
330	5.306694e-09	6.994927e-05	
331	5.326694e-09	-7.30425e-05	
332	5.346694e-09	7.064338e-05	
333	5.366694e-09	-7.27407e-05	
334	5.386694e-09	7.114322e-05	
335	5.406694e-09	-7.25659e-05	
336	5.426694e-09	7.150779e-05	
337	5.446694e-09	-7.24742e-05	
338	5.466694e-09	7.177758e-05	
339	5.486694e-09	-7.24362e-05	
340	5.506694e-09	7.198072e-05	
341	5.526694e-09	-7.24321e-05	
342	5.546694e-09	7.213697e-05	
343	5.566694e-09	-7.24492e-05	
344	5.586694e-09	7.225966e-05	

Index   time            v4#branch       
--------------------------------------------------------------------------------
345	5.606694e-09	-7.24782e-05	
346	5.626694e-09	7.235834e-05	
347	5.646694e-09	-7.25140e-05	
348	5.666694e-09	7.243967e-05	
349	5.686694e-09	-7.25528e-05	
350	5.706694e-09	7.250843e-05	
351	5.726694e-09	-7.25931e-05	
352	5.746694e-09	7.256790e-05	
353	5.766694e-09	-7.26332e-05	
354	5.786694e-09	7.262039e-05	
355	5.806694e-09	-7.26725e-05	
356	5.826694e-09	7.266754e-05	
357	5.846694e-09	-7.27106e-05	
358	5.866694e-09	7.271054e-05	
359	5.886694e-09	-7.27474e-05	
360	5.906694e-09	7.275030e-05	
361	5.926694e-09	-7.27828e-05	
362	5.946694e-09	7.278746e-05	
363	5.966694e-09	-7.28169e-05	
364	5.986694e-09	7.282253e-05	
365	6.000000e-09	-7.28579e-05	
366	6.000500e-09	3.828016e-04	
367	6.001500e-09	3.956781e-04	
368	6.003500e-09	2.690505e-04	
369	6.005000e-09	2.936262e-04	
370	6.005400e-09	9.886977e-04	
371	6.006200e-09	1.119593e-03	
372	6.007800e-09	1.318013e-03	
373	6.010000e-09	1.561952e-03	
374	6.010320e-09	5.471467e-04	
375	6.010960e-09	4.608258e-04	
376	6.012240e-09	4.234060e-04	
377	6.014800e-09	2.856113e-04	
378	6.019920e-09	1.067452e-04	
379	6.030160e-09	-1.88261e-05	
380	6.045461e-09	-4.03669e-05	
381	6.062468e-09	-6.71093e-06	
382	6.082468e-09	-9.03555e-06	
383	6.102468e-09	7.558968e-06	
384	6.122468e-09	1.527395e-06	
385	6.142468e-09	6.587592e-06	
386	6.162468e-09	2.499145e-06	
387	6.182468e-09	4.085137e-06	
388	6.202468e-09	2.517240e-06	
389	6.222468e-09	2.108770e-06	
390	6.242468e-09	2.323797e-06	
391	6.262468e-09	7.381260e-07	
392	6.282468e-09	2.205536e-06	
393	6.302468e-09	-1.89009e-07	
394	6.322468e-09	2.148686e-06	
395	6.342468e-09	-8.25429e-07	
396	6.362468e-09	2.133674e-06	
397	6.382468e-09	-1.26929e-06	
398	6.402468e-09	2.147784e-06	
399	6.422468e-09	-1.58736e-06	
400	6.442468e-09	2.180653e-06	
401	6.462468e-09	-1.82161e-06	
402	6.482468e-09	2.225522e-06	

Index   time            v4#branch       
--------------------------------------------------------------------------------
403	6.502468e-09	-1.99997e-06	
404	6.522468e-09	2.277863e-06	
405	6.542468e-09	-2.14077e-06	
406	6.562468e-09	2.334856e-06	
407	6.582468e-09	-2.25779e-06	
408	6.602468e-09	2.397482e-06	
409	6.622468e-09	-2.36309e-06	
410	6.642468e-09	2.466678e-06	
411	6.662468e-09	-2.45785e-06	
412	6.682468e-09	2.537180e-06	
413	6.702468e-09	-2.54598e-06	
414	6.722468e-09	2.609384e-06	
415	6.742468e-09	-2.62994e-06	
416	6.762468e-09	2.682765e-06	
417	6.782468e-09	-2.71110e-06	
418	6.802468e-09	2.756878e-06	
419	6.822468e-09	-2.79036e-06	
420	6.842468e-09	2.831413e-06	
421	6.862468e-09	-2.86827e-06	
422	6.882468e-09	2.906159e-06	
423	6.902468e-09	-2.94522e-06	
424	6.922468e-09	2.980975e-06	
425	6.942468e-09	-3.02147e-06	
426	6.962468e-09	3.055768e-06	
427	6.982468e-09	-3.09717e-06	
428	7.002468e-09	3.130475e-06	
429	7.005000e-09	-3.42551e-06	
430	7.005500e-09	-4.57611e-04	
431	7.006500e-09	-4.38662e-04	
432	7.008500e-09	-2.63427e-04	
433	7.010000e-09	-2.18734e-04	
434	7.010400e-09	2.112225e-04	
435	7.011200e-09	2.226981e-04	
436	7.012800e-09	2.068011e-04	
437	7.016000e-09	1.637732e-04	
438	7.022400e-09	2.696692e-05	
439	7.031289e-09	-3.10376e-05	
440	7.044435e-09	-9.14036e-06	
441	7.061042e-09	-1.98763e-05	
442	7.081042e-09	-9.19396e-06	
443	7.101042e-09	-1.31736e-05	
444	7.121042e-09	-5.02989e-06	
445	7.141042e-09	-8.10736e-06	
446	7.161042e-09	-2.65825e-06	
447	7.181042e-09	-5.26631e-06	
448	7.201042e-09	-1.18268e-06	
449	7.221042e-09	-3.55602e-06	
450	7.241042e-09	-3.12983e-07	
451	7.261042e-09	-2.52079e-06	
452	7.281042e-09	1.962802e-07	
453	7.301042e-09	-1.88836e-06	
454	7.321042e-09	4.892458e-07	
455	7.341042e-09	-1.49773e-06	
456	7.361042e-09	6.540243e-07	
457	7.381042e-09	-1.25328e-06	
458	7.401042e-09	7.416104e-07	
459	7.421042e-09	-1.09575e-06	
460	7.441042e-09	7.843102e-07	

Index   time            v4#branch       
--------------------------------------------------------------------------------
461	7.461042e-09	-9.91793e-07	
462	7.481042e-09	8.001708e-07	
463	7.501042e-09	-9.19618e-07	
464	7.521042e-09	7.998184e-07	
465	7.541042e-09	-8.66879e-07	
466	7.561042e-09	7.906158e-07	
467	7.581042e-09	-8.26397e-07	
468	7.601042e-09	7.762921e-07	
469	7.621042e-09	-7.93414e-07	
470	7.641042e-09	7.590652e-07	
471	7.661042e-09	-7.65013e-07	
472	7.681042e-09	7.400995e-07	
473	7.701042e-09	-7.39335e-07	
474	7.721042e-09	7.200823e-07	
475	7.741042e-09	-7.15291e-07	
476	7.761042e-09	6.994376e-07	
477	7.781042e-09	-6.92237e-07	
478	7.801042e-09	6.784330e-07	
479	7.821042e-09	-6.69797e-07	
480	7.841042e-09	6.572342e-07	
481	7.861042e-09	-6.47780e-07	
482	7.881042e-09	6.359674e-07	
483	7.901042e-09	-6.25990e-07	
484	7.921042e-09	6.146414e-07	
485	7.941042e-09	-6.04370e-07	
486	7.961042e-09	5.933126e-07	
487	7.981042e-09	-5.82886e-07	
488	8.000000e-09	5.714341e-07	
489	8.000500e-09	-4.67873e-04	
490	8.001500e-09	-6.44866e-04	
491	8.003500e-09	-1.76800e-03	
492	8.005000e-09	-1.16306e-03	
493	8.005400e-09	-5.77395e-04	
494	8.006200e-09	-4.90663e-04	
495	8.007800e-09	-3.69876e-04	
496	8.011000e-09	-1.38388e-04	
497	8.017400e-09	-1.41095e-04	
498	8.026094e-09	-1.80741e-05	
499	8.043482e-09	-5.61270e-05	
500	8.063482e-09	8.170643e-05	
501	8.083482e-09	7.872107e-06	
502	8.103482e-09	9.587584e-05	
503	8.123482e-09	-3.22174e-05	
504	8.143482e-09	4.711193e-05	
505	8.163482e-09	-3.14809e-05	
506	8.183482e-09	4.474724e-05	
507	8.203482e-09	-3.44563e-05	
508	8.223482e-09	4.166858e-05	
509	8.243482e-09	-3.63054e-05	
510	8.263482e-09	4.016028e-05	
511	8.283482e-09	-3.74560e-05	
512	8.303482e-09	3.945278e-05	
513	8.323482e-09	-3.81401e-05	
514	8.343482e-09	3.916696e-05	
515	8.363482e-09	-3.85581e-05	
516	8.383482e-09	3.909570e-05	
517	8.403482e-09	-3.88346e-05	
518	8.423482e-09	3.912983e-05	

Index   time            v4#branch       
--------------------------------------------------------------------------------
519	8.443482e-09	-3.90388e-05	
520	8.463482e-09	3.921472e-05	
521	8.483482e-09	-3.92065e-05	
522	8.503482e-09	3.932366e-05	
523	8.523482e-09	-3.93555e-05	
524	8.543482e-09	3.944378e-05	
525	8.563482e-09	-3.94949e-05	
526	8.583482e-09	3.956888e-05	
527	8.603482e-09	-3.96292e-05	
528	8.623482e-09	3.969603e-05	
529	8.643482e-09	-3.97607e-05	
530	8.663482e-09	3.982386e-05	
531	8.683482e-09	-3.98905e-05	
532	8.703482e-09	3.995172e-05	
533	8.723482e-09	-4.00191e-05	
534	8.743482e-09	4.007935e-05	
535	8.763482e-09	-4.01470e-05	
536	8.783482e-09	4.020663e-05	
537	8.803482e-09	-4.02744e-05	
538	8.823482e-09	4.033352e-05	
539	8.843482e-09	-4.04011e-05	
540	8.863482e-09	4.046000e-05	
541	8.883482e-09	-4.05275e-05	
542	8.903482e-09	4.058608e-05	
543	8.923482e-09	-4.06534e-05	
544	8.943482e-09	4.071178e-05	
545	8.963482e-09	-4.07789e-05	
546	8.983482e-09	4.083710e-05	
547	9.003482e-09	-4.09040e-05	
548	9.005000e-09	4.171510e-05	
549	9.005500e-09	-4.13481e-04	
550	9.006500e-09	-3.89552e-04	
551	9.008500e-09	-2.74305e-04	
552	9.010000e-09	-2.62585e-04	
553	9.010400e-09	1.571286e-04	
554	9.011200e-09	2.954480e-04	
555	9.012800e-09	1.208287e-04	
556	9.015983e-09	2.255684e-04	
557	9.022348e-09	-3.32630e-05	
558	9.034929e-09	8.583646e-06	
559	9.049392e-09	-1.04167e-04	
560	9.066660e-09	4.824898e-05	
561	9.086660e-09	-8.73123e-05	
562	9.106660e-09	5.875392e-05	
563	9.126660e-09	-8.13078e-05	
564	9.146660e-09	6.299762e-05	
565	9.166660e-09	-7.80890e-05	
566	9.186660e-09	6.598223e-05	
567	9.206660e-09	-7.60773e-05	
568	9.226660e-09	6.801552e-05	
569	9.246660e-09	-7.48143e-05	
570	9.266660e-09	6.941361e-05	
571	9.286660e-09	-7.40183e-05	
572	9.306660e-09	7.039282e-05	
573	9.326660e-09	-7.35200e-05	
574	9.346660e-09	7.108969e-05	
575	9.366660e-09	-7.32152e-05	
576	9.386660e-09	7.159233e-05	

Index   time            v4#branch       
--------------------------------------------------------------------------------
577	9.406660e-09	-7.30377e-05	
578	9.426660e-09	7.195949e-05	
579	9.446660e-09	-7.29436e-05	
580	9.466660e-09	7.223154e-05	
581	9.486660e-09	-7.29036e-05	
582	9.506660e-09	7.243654e-05	
583	9.526660e-09	-7.28980e-05	
584	9.546660e-09	7.259469e-05	
585	9.566660e-09	-7.29140e-05	
586	9.586660e-09	7.271823e-05	
587	9.606660e-09	-7.29423e-05	
588	9.626660e-09	7.281779e-05	
589	9.646660e-09	-7.29774e-05	
590	9.666660e-09	7.289976e-05	
591	9.686660e-09	-7.30157e-05	
592	9.706660e-09	7.296905e-05	
593	9.726660e-09	-7.30557e-05	
594	9.746660e-09	7.302893e-05	
595	9.766660e-09	-7.30957e-05	
596	9.786660e-09	7.308176e-05	
597	9.806660e-09	-7.31350e-05	
598	9.826660e-09	7.312918e-05	
599	9.846660e-09	-7.31731e-05	
600	9.866660e-09	7.317243e-05	
601	9.886660e-09	-7.32099e-05	
602	9.906660e-09	7.321239e-05	
603	9.926660e-09	-7.32454e-05	
604	9.946660e-09	7.324975e-05	
605	9.966660e-09	-7.32795e-05	
606	9.986660e-09	7.328500e-05	
607	1.000000e-08	-7.33207e-05	
